name,cluster,LevelNum
NO.0,4,-510.0,-491.0,-470.0,-510.0,-555.0,-448.0,-510.0,-510.0,-555.0,-510.0,-510.0,-510.0,-504.0,-504.0,-510.0,-504.0,-507.0,-510.0,-476.0,-496.0,-510.0,-504.0,-510.0,-510.0,-510.0,-510.0,-510.0,-510.0,-510.0,-510.0,-510.0,-510.0,-510.0,-510.0,-510.0,-510.0
NO.1,1,-345.0,-314.0,-277.0,-342.0,-342.0,-333.0,-339.0,-358.0,-348.0,-336.0,-339.0,-352.0,-327.0,-342.0,-338.0,-330.0,-342.0,-342.0,-300.0,-318.0,-375.0,-315.0,-361.0,-355.0,-335.0,-352.0,-355.0,-363.0,-352.0,-367.0,-342.0,-351.0,-356.0,-348.0,-345.0,-344.0
NO.2,7,-303.0,-304.0,-227.0,-360.0,-297.0,-304.0,-362.0,-331.0,-339.0,-334.0,-312.0,-325.0,-206.0,-255.0,-276.0,-213.0,-234.0,-283.0,-304.0,-332.0,-311.0,-318.0,-304.0,-318.0,-276.0,-318.0,-339.0,-276.0,-297.0,-297.0,-241.0,-234.0,-276.0,-269.0,-241.0,-234.0
NO.3,1,-324.0,-339.0,-326.0,-331.0,-334.0,-348.0,-343.0,-337.0,-339.0,-346.0,-346.0,-344.0,-312.0,-327.0,-336.0,-313.0,-324.0,-343.0,-302.0,-293.0,-313.0,-312.0,-320.0,-336.0,-338.0,-334.0,-339.0,-335.0,-345.0,-357.0,-337.0,-333.0,-345.0,-341.0,-337.0,-333.0
NO.4,4,-504.0,-507.0,-510.0,-510.0,-511.0,-505.0,-510.0,-512.0,-513.0,-508.0,-508.0,-512.0,-498.0,-504.0,-508.0,-502.0,-503.0,-508.0,-453.0,-481.0,-478.0,-481.0,-477.0,-469.0,-502.0,-467.0,-481.0,-509.0,-507.0,-509.0,-506.0,-499.0,-503.0,-507.0,-503.0,-499.0
NO.5,4,-510.0,-510.0,-510.0,-510.0,-510.0,-510.0,-510.0,-510.0,-510.0,-510.0,-510.0,-510.0,-510.0,-510.0,-510.0,-510.0,-510.0,-510.0,-510.0,-501.0,-483.0,-510.0,-492.0,-501.0,-510.0,-501.0,-492.0,-501.0,-501.0,-519.0,-510.0,-510.0,-510.0,-510.0,-510.0,-510.0
NO.6,1,-426.0,-455.0,-397.0,-426.0,-426.0,-455.0,-426.0,-426.0,-426.0,-325.0,-354.0,-397.0,-339.0,-339.0,-310.0,-339.0,-339.0,-339.0,-382.0,-354.0,-397.0,-383.0,-412.0,-426.0,-426.0,-426.0,-426.0,-383.0,-354.0,-310.0,-339.0,-339.0,-339.0,-339.0,-339.0,-339.0
NO.7,1,-339.0,-339.0,-343.0,-339.0,-339.0,-339.0,-339.0,-339.0,-339.0,-323.0,-315.0,-343.0,-299.0,-331.0,-319.0,-311.0,-311.0,-311.0,-331.0,-364.0,-406.0,-339.0,-385.0,-368.0,-339.0,-347.0,-372.0,-323.0,-311.0,-347.0,-295.0,-295.0,-319.0,-299.0,-275.0,-299.0
NO.8,7,-246.0,-245.0,-312.0,-255.0,-311.0,-367.0,-339.0,-339.0,-339.0,-199.0,-208.0,-283.0,-170.0,-180.0,-171.0,-207.0,-180.0,-171.0,-188.0,-189.0,-284.0,-274.0,-293.0,-330.0,-339.0,-330.0,-321.0,-301.0,-293.0,-329.0,-265.0,-245.0,-292.0,-218.0,-265.0,-236.0
NO.9,0,-245.0,-254.0,-255.0,-311.0,-283.0,-293.0,-339.0,-340.0,-329.0,-255.0,-255.0,-312.0,-190.0,-247.0,-255.0,-200.0,-200.0,-217.0,-199.0,-227.0,-273.0,-246.0,-273.0,-264.0,-255.0,-264.0,-273.0,-255.0,-255.0,-255.0,-255.0,-255.0,-255.0,-255.0,-255.0,-255.0
NO.10,3,0.0,0.0,0.0,0.0,0.0,0.0,0.0,0.0,0.0,0.0,-2.0,-6.0,0.0,-2.0,0.0,0.0,4.0,-4.0,-6.0,-6.0,-12.0,-2.0,-10.0,-12.0,-4.0,-10.0,-14.0,-8.0,-12.0,-8.0,-6.0,-4.0,-8.0,-6.0,-6.0,-4.0
NO.11,5,-142.0,-112.0,-128.0,-134.0,-171.0,-185.0,-171.0,-171.0,-171.0,-178.0,-185.0,-185.0,-143.0,-171.0,-185.0,-150.0,-157.0,-171.0,-142.0,-98.0,-184.0,-113.0,-170.0,-185.0,-171.0,-178.0,-192.0,-171.0,-171.0,-185.0,-171.0,-164.0,-178.0,-178.0,-164.0,-164.0
NO.12,5,-171.0,-185.0,-157.0,-171.0,-186.0,-185.0,-171.0,-171.0,-171.0,-171.0,-185.0,-171.0,-141.0,-156.0,-157.0,-141.0,-156.0,-171.0,-114.0,-140.0,-240.0,-127.0,-212.0,-199.0,-185.0,-199.0,-213.0,-255.0,-241.0,-255.0,-255.0,-269.0,-255.0,-213.0,-255.0,-269.0
NO.13,0,-170.0,-170.0,-179.0,-189.0,-189.0,-237.0,-198.0,-217.0,-236.0,-143.0,-227.0,-255.0,-171.0,-171.0,-199.0,-142.0,-143.0,-256.0,-170.0,-245.0,-207.0,-227.0,-198.0,-227.0,-199.0,-218.0,-255.0,-255.0,-255.0,-255.0,-255.0,-255.0,-255.0,-255.0,-255.0,-255.0
NO.14,0,-255.0,-269.0,-241.0,-255.0,-255.0,-269.0,-255.0,-255.0,-255.0,-255.0,-255.0,-255.0,-255.0,-255.0,-255.0,-255.0,-255.0,-255.0,-227.0,-269.0,-339.0,-255.0,-311.0,-283.0,-255.0,-269.0,-297.0,-241.0,-241.0,-255.0,-255.0,-255.0,-255.0,-255.0,-255.0,-255.0
NO.15,3,-4.0,-1.0,0.0,-6.0,-4.0,-5.0,-12.0,-13.0,-11.0,-3.0,-7.0,-11.0,0.0,0.0,3.0,0.0,-1.0,-2.0,0.0,-1.0,-3.0,-1.0,-1.0,-1.0,1.0,-4.0,-2.0,-8.0,-10.0,-19.0,0.0,4.0,-7.0,-1.0,2.0,4.0
NO.16,2,-68.0,-72.0,-76.0,-72.0,-80.0,-108.0,-92.0,-80.0,-84.0,-40.0,-56.0,-64.0,-4.0,-24.0,-32.0,-20.0,-20.0,-28.0,-60.0,-76.0,-116.0,-72.0,-104.0,-96.0,-84.0,-84.0,-96.0,-100.0,-80.0,-68.0,-72.0,-80.0,-72.0,-52.0,-68.0,-80.0
NO.17,3,-16.0,-8.0,-24.0,-12.0,-32.0,-28.0,-16.0,-20.0,-16.0,-4.0,-4.0,-16.0,-12.0,-16.0,-12.0,-8.0,-12.0,-16.0,-8.0,-28.0,-32.0,-4.0,-28.0,-20.0,-8.0,0.0,-28.0,4.0,-4.0,-8.0,4.0,4.0,-4.0,-4.0,4.0,4.0
NO.18,2,-70.0,-98.0,-70.0,-84.0,-98.0,-126.0,-84.0,-70.0,-112.0,-84.0,-98.0,-85.0,-84.0,-70.0,-69.0,-84.0,-84.0,-84.0,-42.0,-84.0,-70.0,-84.0,-98.0,-112.0,-112.0,-113.0,-141.0,-126.0,-141.0,-156.0,-140.0,-111.0,-141.0,-112.0,-140.0,-111.0
NO.19,0,-255.0,-278.0,-232.0,-255.0,-255.0,-278.0,-255.0,-255.0,-255.0,-255.0,-255.0,-257.0,-263.0,-263.0,-253.0,-263.0,-259.0,-255.0,-198.0,-243.0,-268.0,-256.0,-267.0,-262.0,-263.0,-265.0,-276.0,-255.0,-257.0,-257.0,-255.0,-253.0,-257.0,-255.0,-255.0,-253.0
NO.20,0,-247.0,-251.0,-267.0,-259.0,-263.0,-275.0,-267.0,-267.0,-271.0,-251.0,-255.0,-263.0,-247.0,-251.0,-251.0,-247.0,-247.0,-255.0,-239.0,-251.0,-267.0,-255.0,-263.0,-259.0,-255.0,-255.0,-259.0,-259.0,-255.0,-255.0,-255.0,-255.0,-255.0,-255.0,-255.0,-255.0
NO.21,7,-283.0,-311.0,-353.0,-297.0,-311.0,-339.0,-297.0,-269.0,-311.0,-311.0,-283.0,-283.0,-255.0,-255.0,-227.0,-255.0,-255.0,-255.0,-339.0,-339.0,-339.0,-339.0,-339.0,-339.0,-339.0,-339.0,-339.0,-311.0,-283.0,-227.0,-255.0,-255.0,-255.0,-255.0,-255.0,-255.0
NO.22,2,-84.0,-113.0,-143.0,-74.0,-85.0,-133.0,-84.0,-84.0,-55.0,-84.0,-94.0,-114.0,-84.0,-104.0,-94.0,-84.0,-94.0,-104.0,-84.0,-84.0,-84.0,-94.0,-84.0,-84.0,-104.0,-84.0,-84.0,-94.0,-84.0,-84.0,-74.0,-84.0,-84.0,-94.0,-74.0,-84.0
NO.23,0,-241.0,-255.0,-269.0,-255.0,-255.0,-262.0,-255.0,-255.0,-255.0,-255.0,-255.0,-262.0,-255.0,-255.0,-248.0,-255.0,-255.0,-255.0,-206.0,-192.0,-206.0,-241.0,-234.0,-248.0,-248.0,-255.0,-241.0,-234.0,-220.0,-269.0,-192.0,-157.0,-220.0,-199.0,-150.0,-171.0
NO.24,0,-255.0,-258.0,-277.0,-255.0,-255.0,-270.0,-255.0,-249.0,-264.0,-190.0,-195.0,-216.0,-135.0,-151.0,-162.0,-141.0,-153.0,-165.0,-210.0,-208.0,-229.0,-239.0,-244.0,-252.0,-244.0,-243.0,-266.0,-187.0,-185.0,-194.0,-171.0,-170.0,-187.0,-171.0,-166.0,-170.0
NO.25,7,-255.0,-269.0,-255.0,-255.0,-241.0,-297.0,-255.0,-255.0,-255.0,-255.0,-255.0,-255.0,-255.0,-255.0,-255.0,-255.0,-241.0,-255.0,-269.0,-326.0,-342.0,-283.0,-327.0,-312.0,-255.0,-269.0,-340.0,-255.0,-255.0,-241.0,-255.0,-255.0,-255.0,-255.0,-255.0,-255.0
NO.26,1,-333.0,-362.0,-330.0,-337.0,-339.0,-354.0,-339.0,-337.0,-337.0,-327.0,-339.0,-338.0,-296.0,-314.0,-329.0,-296.0,-306.0,-332.0,-293.0,-274.0,-334.0,-292.0,-328.0,-345.0,-337.0,-337.0,-347.0,-338.0,-342.0,-359.0,-332.0,-334.0,-345.0,-335.0,-328.0,-336.0
NO.27,2,-126.0,-140.0,-112.0,-126.0,-126.0,-140.0,-126.0,-126.0,-112.0,-112.0,-84.0,-126.0,-98.0,-112.0,-98.0,-112.0,-98.0,-84.0,-84.0,-84.0,-84.0,-70.0,-98.0,-84.0,-84.0,-56.0,-98.0,-56.0,-70.0,-56.0,-98.0,-56.0,-70.0,-84.0,-98.0,-56.0
NO.28,7,-297.0,-283.0,-283.0,-269.0,-269.0,-325.0,-269.0,-297.0,-269.0,-255.0,-269.0,-241.0,-255.0,-241.0,-226.0,-255.0,-255.0,-255.0,-269.0,-283.0,-283.0,-326.0,-296.0,-325.0,-324.0,-340.0,-311.0,-326.0,-283.0,-283.0,-283.0,-241.0,-269.0,-255.0,-255.0,-241.0
NO.29,0,-255.0,-261.0,-266.0,-238.0,-249.0,-273.0,-255.0,-255.0,-255.0,-283.0,-266.0,-261.0,-216.0,-239.0,-260.0,-222.0,-255.0,-244.0,-245.0,-266.0,-296.0,-261.0,-284.0,-283.0,-255.0,-261.0,-290.0,-232.0,-238.0,-254.0,-239.0,-210.0,-238.0,-238.0,-222.0,-216.0
NO.30,5,-171.0,-199.0,-171.0,-171.0,-143.0,-227.0,-171.0,-171.0,-143.0,-171.0,-185.0,-199.0,-171.0,-199.0,-199.0,-171.0,-185.0,-199.0,-241.0,-213.0,-227.0,-241.0,-227.0,-269.0,-171.0,-241.0,-269.0,-185.0,-185.0,-171.0,-157.0,-171.0,-171.0,-185.0,-157.0,-171.0
NO.31,0,-251.0,-264.0,-282.0,-251.0,-254.0,-271.0,-255.0,-253.0,-250.0,-246.0,-252.0,-265.0,-207.0,-232.0,-246.0,-206.0,-225.0,-248.0,-264.0,-253.0,-314.0,-268.0,-305.0,-305.0,-272.0,-293.0,-318.0,-257.0,-252.0,-270.0,-235.0,-234.0,-252.0,-244.0,-226.0,-234.0
NO.32,7,-273.0,-265.0,-311.0,-264.0,-264.0,-310.0,-282.0,-272.0,-302.0,-255.0,-292.0,-282.0,-255.0,-254.0,-254.0,-255.0,-264.0,-273.0,-264.0,-302.0,-275.0,-349.0,-255.0,-274.0,-310.0,-312.0,-321.0,-340.0,-320.0,-340.0,-291.0,-283.0,-311.0,-282.0,-272.0,-283.0
NO.33,0,-255.0,-255.0,-278.0,-250.0,-241.0,-269.0,-255.0,-255.0,-241.0,-242.0,-255.0,-260.0,-180.0,-214.0,-246.0,-185.0,-213.0,-241.0,-260.0,-288.0,-309.0,-270.0,-289.0,-288.0,-255.0,-284.0,-303.0,-246.0,-264.0,-273.0,-255.0,-246.0,-264.0,-255.0,-255.0,-246.0
NO.34,7,-275.0,-293.0,-338.0,-292.0,-310.0,-378.0,-339.0,-339.0,-329.0,-236.0,-292.0,-283.0,-255.0,-227.0,-245.0,-255.0,-255.0,-255.0,-255.0,-208.0,-254.0,-274.0,-264.0,-329.0,-330.0,-329.0,-292.0,-349.0,-321.0,-312.0,-340.0,-312.0,-312.0,-293.0,-331.0,-312.0
NO.35,0,-274.0,-283.0,-321.0,-236.0,-274.0,-348.0,-255.0,-245.0,-265.0,-255.0,-255.0,-255.0,-217.0,-226.0,-246.0,-217.0,-227.0,-255.0,-209.0,-208.0,-236.0,-255.0,-255.0,-255.0,-273.0,-246.0,-255.0,-245.0,-227.0,-229.0,-226.0,-189.0,-218.0,-236.0,-207.0,-189.0
NO.36,5,-194.0,-251.0,-268.0,-213.0,-213.0,-241.0,-222.0,-174.0,-217.0,-198.0,-179.0,-194.0,-108.0,-157.0,-162.0,-138.0,-147.0,-146.0,-231.0,-157.0,-205.0,-203.0,-209.0,-226.0,-232.0,-227.0,-260.0,-175.0,-171.0,-171.0,-171.0,-171.0,-171.0,-171.0,-171.0,-171.0
NO.37,4,-396.0,-369.0,-408.0,-413.0,-427.0,-438.0,-438.0,-458.0,-444.0,-409.0,-420.0,-439.0,-417.0,-443.0,-418.0,-394.0,-406.0,-446.0,-374.0,-382.0,-433.0,-405.0,-434.0,-434.0,-424.0,-426.0,-434.0,-439.0,-426.0,-426.0,-428.0,-426.0,-426.0,-426.0,-426.0,-426.0
NO.38,0,-284.0,-255.0,-245.0,-283.0,-284.0,-283.0,-302.0,-321.0,-292.0,-264.0,-273.0,-264.0,-255.0,-246.0,-245.0,-255.0,-255.0,-255.0,-237.0,-246.0,-255.0,-255.0,-255.0,-255.0,-246.0,-255.0,-255.0,-292.0,-264.0,-255.0,-264.0,-255.0,-255.0,-255.0,-255.0,-255.0
NO.39,0,-198.0,-197.0,-219.0,-244.0,-236.0,-264.0,-282.0,-301.0,-283.0,-254.0,-282.0,-302.0,-237.0,-246.0,-273.0,-237.0,-255.0,-273.0,-208.0,-245.0,-228.0,-264.0,-219.0,-246.0,-237.0,-255.0,-255.0,-246.0,-246.0,-246.0,-237.0,-210.0,-237.0,-255.0,-228.0,-210.0
NO.40,4,-365.0,-368.0,-401.0,-360.0,-377.0,-406.0,-390.0,-382.0,-406.0,-351.0,-381.0,-380.0,-351.0,-354.0,-343.0,-351.0,-359.0,-359.0,-380.0,-392.0,-465.0,-389.0,-462.0,-454.0,-422.0,-446.0,-470.0,-426.0,-422.0,-422.0,-447.0,-426.0,-426.0,-405.0,-447.0,-426.0
NO.41,1,-325.0,-339.0,-353.0,-311.0,-339.0,-339.0,-311.0,-325.0,-311.0,-283.0,-325.0,-339.0,-255.0,-297.0,-324.0,-241.0,-311.0,-325.0,-339.0,-311.0,-325.0,-339.0,-325.0,-311.0,-339.0,-339.0,-325.0,-354.0,-339.0,-339.0,-339.0,-339.0,-339.0,-339.0,-339.0,-339.0
NO.42,0,-255.0,-255.0,-255.0,-255.0,-255.0,-262.0,-255.0,-255.0,-262.0,-248.0,-248.0,-262.0,-199.0,-220.0,-255.0,-206.0,-227.0,-248.0,-255.0,-283.0,-304.0,-248.0,-297.0,-283.0,-262.0,-262.0,-290.0,-262.0,-255.0,-255.0,-241.0,-262.0,-255.0,-255.0,-248.0,-255.0
NO.43,4,-359.0,-396.0,-435.0,-407.0,-417.0,-453.0,-426.0,-426.0,-426.0,-425.0,-416.0,-445.0,-406.0,-436.0,-417.0,-416.0,-406.0,-416.0,-387.0,-416.0,-444.0,-425.0,-462.0,-453.0,-462.0,-435.0,-462.0,-435.0,-426.0,-426.0,-426.0,-426.0,-426.0,-426.0,-426.0,-426.0
NO.44,4,-482.0,-436.0,-482.0,-454.0,-491.0,-510.0,-510.0,-510.0,-510.0,-501.0,-482.0,-481.0,-482.0,-471.0,-482.0,-472.0,-492.0,-472.0,-481.0,-463.0,-491.0,-454.0,-529.0,-510.0,-538.0,-482.0,-510.0,-519.0,-510.0,-510.0,-511.0,-519.0,-510.0,-482.0,-511.0,-519.0
NO.45,4,-426.0,-431.0,-426.0,-426.0,-426.0,-435.0,-426.0,-421.0,-420.0,-435.0,-406.0,-401.0,-467.0,-453.0,-411.0,-457.0,-452.0,-411.0,-411.0,-429.0,-450.0,-420.0,-444.0,-445.0,-420.0,-431.0,-468.0,-369.0,-374.0,-365.0,-383.0,-355.0,-374.0,-383.0,-374.0,-359.0
NO.46,1,-406.0,-426.0,-349.0,-406.0,-387.0,-349.0,-358.0,-358.0,-387.0,-359.0,-349.0,-339.0,-339.0,-339.0,-339.0,-339.0,-339.0,-339.0,-339.0,-339.0,-339.0,-339.0,-339.0,-339.0,-339.0,-339.0,-339.0,-321.0,-312.0,-303.0,-330.0,-303.0,-312.0,-330.0,-321.0,-303.0
NO.47,4,-510.0,-510.0,-518.0,-515.0,-510.0,-510.0,-510.0,-510.0,-510.0,-500.0,-505.0,-510.0,-510.0,-510.0,-510.0,-510.0,-525.0,-510.0,-494.0,-502.0,-510.0,-510.0,-510.0,-510.0,-510.0,-510.0,-510.0,-507.0,-501.0,-498.0,-501.0,-501.0,-501.0,-504.0,-498.0,-501.0
NO.48,2,-70.0,-42.0,-70.0,-56.0,-70.0,-84.0,-84.0,-84.0,-84.0,-84.0,-84.0,-84.0,-84.0,-84.0,-84.0,-84.0,-84.0,-84.0,-84.0,-84.0,-84.0,-70.0,-98.0,-84.0,-98.0,-70.0,-84.0,-84.0,-84.0,-84.0,-84.0,-84.0,-84.0,-84.0,-84.0,-84.0
NO.49,3,0.0,0.0,0.0,9.0,0.0,0.0,0.0,0.0,0.0,-18.0,-9.0,-19.0,0.0,0.0,19.0,0.0,0.0,0.0,0.0,-28.0,-84.0,-9.0,-47.0,-28.0,9.0,-18.0,-37.0,-38.0,-37.0,-18.0,0.0,9.0,-9.0,0.0,0.0,9.0
NO.50,4,-453.0,-435.0,-445.0,-426.0,-453.0,-491.0,-435.0,-435.0,-462.0,-426.0,-426.0,-435.0,-444.0,-444.0,-398.0,-444.0,-435.0,-426.0,-426.0,-491.0,-445.0,-444.0,-454.0,-482.0,-444.0,-445.0,-500.0,-454.0,-426.0,-407.0,-426.0,-426.0,-426.0,-426.0,-426.0,-426.0
NO.51,4,-465.0,-444.0,-483.0,-453.0,-474.0,-501.0,-464.0,-492.0,-492.0,-425.0,-473.0,-501.0,-435.0,-472.0,-482.0,-435.0,-463.0,-491.0,-500.0,-462.0,-464.0,-472.0,-473.0,-501.0,-492.0,-492.0,-510.0,-492.0,-492.0,-519.0,-492.0,-483.0,-501.0,-492.0,-474.0,-492.0
NO.52,4,-426.0,-426.0,-440.0,-426.0,-426.0,-447.0,-426.0,-426.0,-447.0,-426.0,-426.0,-426.0,-426.0,-433.0,-426.0,-419.0,-426.0,-433.0,-384.0,-412.0,-412.0,-419.0,-412.0,-412.0,-419.0,-405.0,-426.0,-376.0,-376.0,-406.0,-361.0,-325.0,-376.0,-383.0,-332.0,-332.0
NO.53,1,-426.0,-412.0,-399.0,-440.0,-412.0,-398.0,-426.0,-440.0,-398.0,-354.0,-340.0,-369.0,-255.0,-269.0,-325.0,-269.0,-283.0,-297.0,-282.0,-283.0,-339.0,-312.0,-339.0,-311.0,-354.0,-311.0,-297.0,-297.0,-227.0,-199.0,-227.0,-213.0,-227.0,-255.0,-213.0,-199.0
NO.54,0,-227.0,-248.0,-276.0,-255.0,-255.0,-262.0,-255.0,-248.0,-262.0,-255.0,-262.0,-248.0,-255.0,-248.0,-248.0,-255.0,-255.0,-255.0,-255.0,-248.0,-255.0,-269.0,-269.0,-269.0,-262.0,-269.0,-269.0,-283.0,-276.0,-276.0,-269.0,-255.0,-262.0,-255.0,-248.0,-262.0
NO.55,7,-292.0,-302.0,-283.0,-302.0,-330.0,-367.0,-339.0,-339.0,-339.0,-330.0,-321.0,-330.0,-302.0,-330.0,-340.0,-292.0,-321.0,-312.0,-264.0,-228.0,-273.0,-236.0,-264.0,-264.0,-283.0,-264.0,-255.0,-274.0,-264.0,-282.0,-236.0,-246.0,-264.0,-274.0,-236.0,-246.0
NO.56,0,-263.0,-273.0,-272.0,-252.0,-279.0,-313.0,-280.0,-267.0,-305.0,-234.0,-248.0,-274.0,-184.0,-227.0,-241.0,-199.0,-217.0,-233.0,-244.0,-262.0,-276.0,-263.0,-258.0,-262.0,-269.0,-262.0,-262.0,-240.0,-237.0,-251.0,-216.0,-186.0,-226.0,-226.0,-194.0,-190.0
NO.57,2,-94.0,-93.0,-65.0,-104.0,-94.0,-113.0,-114.0,-124.0,-114.0,-114.0,-114.0,-114.0,-114.0,-105.0,-114.0,-123.0,-123.0,-105.0,-66.0,-30.0,-75.0,-48.0,-75.0,-66.0,-66.0,-66.0,-57.0,-85.0,-66.0,-48.0,-83.0,-75.0,-66.0,-94.0,-83.0,-75.0
NO.58,1,-307.0,-323.0,-367.0,-303.0,-323.0,-359.0,-351.0,-347.0,-355.0,-335.0,-339.0,-351.0,-347.0,-347.0,-327.0,-351.0,-347.0,-335.0,-283.0,-275.0,-315.0,-319.0,-323.0,-335.0,-339.0,-335.0,-331.0,-351.0,-339.0,-339.0,-339.0,-339.0,-339.0,-339.0,-339.0,-339.0
NO.59,0,-236.0,-246.0,-255.0,-274.0,-236.0,-264.0,-292.0,-264.0,-264.0,-311.0,-311.0,-330.0,-255.0,-311.0,-283.0,-255.0,-283.0,-311.0,-255.0,-255.0,-255.0,-255.0,-255.0,-255.0,-265.0,-236.0,-255.0,-283.0,-255.0,-255.0,-227.0,-255.0,-255.0,-283.0,-227.0,-255.0
NO.60,2,-84.0,-84.0,-84.0,-84.0,-84.0,-98.0,-84.0,-84.0,-98.0,-84.0,-84.0,-84.0,-84.0,-84.0,-84.0,-84.0,-84.0,-84.0,-84.0,-84.0,-84.0,-84.0,-84.0,-84.0,-84.0,-84.0,-84.0,-84.0,-84.0,-84.0,-84.0,-84.0,-84.0,-84.0,-84.0,-84.0
NO.61,0,-237.0,-237.0,-283.0,-237.0,-246.0,-255.0,-255.0,-255.0,-255.0,-255.0,-255.0,-255.0,-255.0,-255.0,-255.0,-255.0,-255.0,-255.0,-218.0,-208.0,-236.0,-255.0,-255.0,-236.0,-237.0,-236.0,-207.0,-217.0,-198.0,-198.0,-209.0,-188.0,-198.0,-217.0,-189.0,-198.0
NO.62,5,-227.0,-185.0,-227.0,-199.0,-227.0,-269.0,-255.0,-255.0,-241.0,-213.0,-185.0,-241.0,-157.0,-185.0,-185.0,-171.0,-171.0,-171.0,-213.0,-199.0,-213.0,-227.0,-213.0,-171.0,-227.0,-199.0,-255.0,-171.0,-171.0,-171.0,-171.0,-171.0,-171.0,-171.0,-171.0,-171.0
NO.63,5,-171.0,-179.0,-175.0,-171.0,-171.0,-179.0,-171.0,-167.0,-175.0,-132.0,-137.0,-164.0,-65.0,-102.0,-127.0,-84.0,-98.0,-112.0,-179.0,-159.0,-179.0,-163.0,-179.0,-165.0,-179.0,-161.0,-141.0,-149.0,-131.0,-136.0,-123.0,-125.0,-131.0,-122.0,-118.0,-125.0
NO.64,2,-84.0,-84.0,-65.0,-84.0,-84.0,-84.0,-84.0,-84.0,-84.0,-113.0,-132.0,-123.0,-150.0,-161.0,-133.0,-141.0,-170.0,-161.0,-132.0,-93.0,-114.0,-94.0,-124.0,-113.0,-132.0,-123.0,-122.0,-84.0,-103.0,-122.0,-75.0,-55.0,-103.0,-113.0,-65.0,-65.0
NO.65,5,-141.0,-158.0,-159.0,-141.0,-124.0,-154.0,-147.0,-130.0,-152.0,-200.0,-199.0,-152.0,-249.0,-220.0,-193.0,-220.0,-226.0,-222.0,-102.0,-99.0,-119.0,-151.0,-108.0,-143.0,-148.0,-166.0,-158.0,-147.0,-153.0,-171.0,-142.0,-123.0,-153.0,-170.0,-130.0,-123.0
NO.66,0,-213.0,-269.0,-228.0,-241.0,-199.0,-241.0,-199.0,-199.0,-185.0,-283.0,-255.0,-213.0,-255.0,-255.0,-269.0,-255.0,-255.0,-255.0,-169.0,-156.0,-199.0,-185.0,-199.0,-199.0,-213.0,-199.0,-171.0,-171.0,-171.0,-171.0,-171.0,-157.0,-171.0,-213.0,-171.0,-157.0
NO.67,0,-264.0,-292.0,-264.0,-264.0,-255.0,-309.0,-255.0,-264.0,-264.0,-273.0,-264.0,-255.0,-255.0,-255.0,-255.0,-255.0,-255.0,-255.0,-208.0,-199.0,-236.0,-227.0,-246.0,-255.0,-255.0,-255.0,-255.0,-255.0,-255.0,-255.0,-255.0,-255.0,-255.0,-255.0,-255.0,-255.0
NO.68,0,-227.0,-213.0,-248.0,-213.0,-234.0,-262.0,-255.0,-248.0,-255.0,-255.0,-255.0,-255.0,-241.0,-248.0,-255.0,-241.0,-248.0,-255.0,-255.0,-255.0,-255.0,-255.0,-255.0,-255.0,-255.0,-255.0,-255.0,-262.0,-262.0,-255.0,-255.0,-255.0,-255.0,-255.0,-255.0,-255.0
NO.69,1,-376.0,-404.0,-396.0,-339.0,-368.0,-421.0,-317.0,-340.0,-383.0,-297.0,-325.0,-353.0,-339.0,-339.0,-325.0,-360.0,-332.0,-332.0,-303.0,-318.0,-346.0,-346.0,-353.0,-346.0,-376.0,-353.0,-346.0,-353.0,-346.0,-339.0,-339.0,-339.0,-339.0,-339.0,-339.0,-339.0
NO.70,4,-416.0,-435.0,-421.0,-416.0,-421.0,-431.0,-426.0,-426.0,-426.0,-412.0,-407.0,-430.0,-388.0,-430.0,-416.0,-387.0,-392.0,-417.0,-407.0,-369.0,-407.0,-388.0,-407.0,-426.0,-426.0,-426.0,-426.0,-353.0,-373.0,-392.0,-379.0,-310.0,-373.0,-373.0,-350.0,-320.0
NO.71,1,-339.0,-349.0,-359.0,-339.0,-349.0,-359.0,-339.0,-339.0,-349.0,-339.0,-339.0,-339.0,-321.0,-330.0,-320.0,-321.0,-330.0,-339.0,-369.0,-369.0,-359.0,-340.0,-368.0,-349.0,-378.0,-330.0,-359.0,-358.0,-339.0,-339.0,-339.0,-339.0,-339.0,-339.0,-339.0,-339.0
NO.72,0,-269.0,-269.0,-297.0,-255.0,-269.0,-311.0,-269.0,-283.0,-269.0,-283.0,-269.0,-255.0,-255.0,-255.0,-255.0,-255.0,-255.0,-255.0,-311.0,-227.0,-283.0,-241.0,-283.0,-255.0,-297.0,-255.0,-213.0,-227.0,-213.0,-213.0,-241.0,-199.0,-213.0,-241.0,-227.0,-199.0
NO.73,1,-339.0,-339.0,-353.0,-339.0,-339.0,-339.0,-339.0,-339.0,-339.0,-339.0,-339.0,-354.0,-339.0,-339.0,-324.0,-339.0,-339.0,-339.0,-311.0,-325.0,-339.0,-339.0,-339.0,-339.0,-339.0,-339.0,-339.0,-354.0,-339.0,-339.0,-339.0,-339.0,-339.0,-339.0,-339.0,-339.0
NO.74,2,-113.0,-122.0,-123.0,-93.0,-84.0,-161.0,-65.0,-103.0,-103.0,-84.0,-122.0,-122.0,-84.0,-103.0,-122.0,-84.0,-103.0,-122.0,-142.0,-73.0,-104.0,-65.0,-104.0,-94.0,-133.0,-84.0,-84.0,-84.0,-84.0,-84.0,-103.0,-65.0,-84.0,-113.0,-94.0,-74.0
NO.75,5,-171.0,-186.0,-171.0,-171.0,-171.0,-171.0,-141.0,-156.0,-171.0,-111.0,-126.0,-156.0,-126.0,-126.0,-111.0,-126.0,-126.0,-126.0,-171.0,-171.0,-171.0,-171.0,-171.0,-142.0,-171.0,-142.0,-84.0,-113.0,-84.0,-84.0,-70.0,-84.0,-84.0,-98.0,-70.0,-84.0
NO.76,2,-84.0,-98.0,-70.0,-84.0,-70.0,-112.0,-84.0,-84.0,-70.0,-98.0,-112.0,-127.0,-140.0,-126.0,-83.0,-126.0,-140.0,-126.0,-126.0,-126.0,-126.0,-126.0,-126.0,-112.0,-112.0,-98.0,-98.0,-113.0,-84.0,-84.0,-70.0,-84.0,-84.0,-98.0,-70.0,-84.0
NO.77,5,-189.0,-219.0,-199.0,-161.0,-180.0,-247.0,-122.0,-160.0,-189.0,-141.0,-151.0,-131.0,-141.0,-131.0,-122.0,-141.0,-141.0,-141.0,-162.0,-171.0,-171.0,-189.0,-180.0,-190.0,-208.0,-199.0,-209.0,-180.0,-180.0,-209.0,-170.0,-162.0,-190.0,-151.0,-161.0,-162.0
NO.78,2,-76.0,-81.0,-93.0,-76.0,-75.0,-99.0,-84.0,-84.0,-84.0,-71.0,-66.0,-75.0,-52.0,-57.0,-58.0,-57.0,-57.0,-57.0,-70.0,-71.0,-80.0,-84.0,-84.0,-84.0,-89.0,-79.0,-84.0,-77.0,-76.0,-80.0,-67.0,-73.0,-76.0,-57.0,-62.0,-78.0
NO.79,2,-103.0,-112.0,-124.0,-112.0,-113.0,-132.0,-141.0,-141.0,-123.0,-113.0,-113.0,-142.0,-94.0,-114.0,-114.0,-104.0,-104.0,-104.0,-94.0,-104.0,-104.0,-123.0,-113.0,-75.0,-122.0,-66.0,-123.0,-84.0,-84.0,-84.0,-94.0,-74.0,-84.0,-94.0,-84.0,-84.0
NO.80,7,-301.0,-339.0,-345.0,-295.0,-314.0,-354.0,-292.0,-314.0,-333.0,-251.0,-264.0,-296.0,-264.0,-264.0,-245.0,-267.0,-270.0,-255.0,-284.0,-261.0,-302.0,-301.0,-308.0,-312.0,-333.0,-315.0,-342.0,-276.0,-289.0,-305.0,-267.0,-263.0,-289.0,-261.0,-267.0,-263.0
NO.81,4,-419.0,-419.0,-454.0,-426.0,-440.0,-468.0,-440.0,-454.0,-454.0,-419.0,-433.0,-433.0,-426.0,-426.0,-419.0,-426.0,-426.0,-426.0,-391.0,-398.0,-419.0,-419.0,-412.0,-426.0,-447.0,-419.0,-426.0,-433.0,-419.0,-412.0,-440.0,-412.0,-419.0,-426.0,-433.0,-412.0
NO.82,2,-91.0,-77.0,-49.0,-91.0,-77.0,-63.0,-56.0,-63.0,-77.0,-63.0,-63.0,-70.0,-70.0,-91.0,-77.0,-63.0,-84.0,-91.0,-77.0,-70.0,-70.0,-70.0,-70.0,-77.0,-77.0,-77.0,-70.0,-70.0,-70.0,-84.0,-84.0,-84.0,-84.0,-84.0,-84.0,-84.0
NO.83,2,-91.0,-128.0,-163.0,-91.0,-105.0,-133.0,-105.0,-90.0,-105.0,-105.0,-91.0,-98.0,-112.0,-105.0,-98.0,-105.0,-119.0,-91.0,-49.0,-70.0,-84.0,-91.0,-84.0,-84.0,-112.0,-77.0,-84.0,-91.0,-91.0,-84.0,-84.0,-84.0,-84.0,-84.0,-84.0,-84.0
NO.84,1,-339.0,-353.0,-353.0,-339.0,-339.0,-339.0,-339.0,-339.0,-339.0,-325.0,-325.0,-367.0,-297.0,-339.0,-296.0,-325.0,-297.0,-325.0,-297.0,-283.0,-325.0,-311.0,-325.0,-339.0,-339.0,-339.0,-339.0,-368.0,-339.0,-339.0,-339.0,-339.0,-339.0,-339.0,-339.0,-339.0
NO.85,0,-269.0,-274.0,-277.0,-262.0,-267.0,-306.0,-276.0,-269.0,-283.0,-261.0,-256.0,-265.0,-233.0,-244.0,-247.0,-237.0,-244.0,-247.0,-227.0,-238.0,-253.0,-252.0,-249.0,-255.0,-266.0,-255.0,-255.0,-249.0,-247.0,-251.0,-249.0,-237.0,-247.0,-247.0,-245.0,-237.0
NO.86,0,-264.0,-292.0,-273.0,-273.0,-263.0,-329.0,-282.0,-282.0,-263.0,-264.0,-255.0,-274.0,-246.0,-237.0,-227.0,-237.0,-256.0,-237.0,-228.0,-246.0,-255.0,-255.0,-255.0,-255.0,-282.0,-246.0,-255.0,-265.0,-246.0,-255.0,-264.0,-255.0,-255.0,-246.0,-264.0,-255.0
NO.87,1,-301.0,-322.0,-343.0,-339.0,-339.0,-346.0,-336.0,-342.0,-350.0,-319.0,-332.0,-343.0,-330.0,-333.0,-325.0,-330.0,-337.0,-336.0,-332.0,-309.0,-329.0,-322.0,-329.0,-339.0,-335.0,-339.0,-339.0,-319.0,-319.0,-336.0,-323.0,-311.0,-325.0,-325.0,-311.0,-319.0
NO.88,0,-261.0,-266.0,-273.0,-261.0,-267.0,-284.0,-261.0,-273.0,-272.0,-233.0,-244.0,-233.0,-222.0,-217.0,-222.0,-216.0,-216.0,-228.0,-209.0,-215.0,-244.0,-238.0,-249.0,-255.0,-267.0,-255.0,-255.0,-254.0,-243.0,-249.0,-226.0,-242.0,-243.0,-221.0,-220.0,-242.0
NO.89,1,-339.0,-339.0,-339.0,-339.0,-339.0,-354.0,-339.0,-339.0,-354.0,-339.0,-339.0,-339.0,-339.0,-339.0,-324.0,-339.0,-339.0,-339.0,-339.0,-339.0,-339.0,-339.0,-339.0,-339.0,-339.0,-339.0,-339.0,-354.0,-339.0,-339.0,-339.0,-339.0,-339.0,-339.0,-339.0,-339.0
NO.90,2,-87.0,-85.0,-103.0,-84.0,-104.0,-114.0,-85.0,-93.0,-114.0,-57.0,-57.0,-75.0,-66.0,-75.0,-66.0,-75.0,-66.0,-57.0,-66.0,-75.0,-84.0,-84.0,-84.0,-84.0,-84.0,-84.0,-84.0,-27.0,-46.0,-65.0,-47.0,2.0,-46.0,-37.0,-27.0,-8.0
NO.91,5,-98.0,-142.0,-155.0,-111.0,-141.0,-171.0,-126.0,-141.0,-156.0,-156.0,-156.0,-186.0,-111.0,-156.0,-171.0,-126.0,-141.0,-156.0,-142.0,-98.0,-142.0,-141.0,-156.0,-185.0,-171.0,-185.0,-213.0,-142.0,-170.0,-214.0,-141.0,-112.0,-170.0,-141.0,-111.0,-127.0
NO.92,5,-171.0,-190.0,-200.0,-171.0,-171.0,-180.0,-171.0,-171.0,-180.0,-171.0,-171.0,-190.0,-161.0,-171.0,-162.0,-151.0,-180.0,-171.0,-85.0,-84.0,-142.0,-132.0,-161.0,-171.0,-171.0,-171.0,-171.0,-190.0,-171.0,-171.0,-171.0,-171.0,-171.0,-171.0,-171.0,-171.0
NO.93,0,-255.0,-265.0,-276.0,-255.0,-263.0,-289.0,-259.0,-263.0,-277.0,-263.0,-263.0,-267.0,-255.0,-263.0,-259.0,-255.0,-259.0,-263.0,-194.0,-181.0,-234.0,-223.0,-241.0,-255.0,-255.0,-255.0,-255.0,-259.0,-255.0,-255.0,-251.0,-255.0,-255.0,-259.0,-251.0,-255.0
NO.94,5,-146.0,-191.0,-207.0,-174.0,-165.0,-208.0,-174.0,-157.0,-185.0,-170.0,-156.0,-156.0,-149.0,-145.0,-146.0,-156.0,-149.0,-142.0,-130.0,-139.0,-152.0,-164.0,-160.0,-167.0,-185.0,-168.0,-171.0,-166.0,-156.0,-174.0,-130.0,-145.0,-156.0,-131.0,-120.0,-148.0
NO.95,3,-1.0,-2.0,0.0,2.0,0.0,-4.0,-20.0,5.0,-8.0,-34.0,-36.0,-26.0,0.0,-11.0,22.0,0.0,15.0,-9.0,2.0,0.0,-2.0,-4.0,-2.0,-4.0,-6.0,-4.0,-2.0,-25.0,-6.0,-4.0,-6.0,2.0,-2.0,0.0,0.0,2.0
NO.96,2,-85.0,-63.0,-48.0,-128.0,-98.0,-105.0,-157.0,-164.0,-156.0,-127.0,-135.0,-141.0,-91.0,-97.0,-113.0,-77.0,-77.0,-98.0,-35.0,-28.0,-63.0,-70.0,-77.0,-91.0,-98.0,-91.0,-98.0,-98.0,-91.0,-98.0,-91.0,-77.0,-91.0,-84.0,-84.0,-77.0
NO.97,2,-84.0,-75.0,-39.0,-93.0,-66.0,-66.0,-84.0,-84.0,-93.0,-84.0,-84.0,-84.0,-84.0,-84.0,-84.0,-84.0,-84.0,-84.0,-84.0,-84.0,-84.0,-93.0,-84.0,-84.0,-66.0,-93.0,-84.0,-84.0,-84.0,-84.0,-84.0,-84.0,-84.0,-84.0,-84.0,-84.0
NO.98,1,-321.0,-358.0,-330.0,-339.0,-339.0,-367.0,-339.0,-339.0,-339.0,-320.0,-320.0,-358.0,-263.0,-311.0,-330.0,-282.0,-273.0,-310.0,-273.0,-236.0,-311.0,-283.0,-311.0,-339.0,-339.0,-339.0,-339.0,-320.0,-320.0,-339.0,-339.0,-339.0,-339.0,-339.0,-339.0,-339.0
NO.99,7,-339.0,-353.0,-353.0,-339.0,-339.0,-339.0,-339.0,-325.0,-325.0,-311.0,-325.0,-325.0,-241.0,-269.0,-269.0,-255.0,-227.0,-255.0,-311.0,-255.0,-311.0,-283.0,-311.0,-339.0,-339.0,-339.0,-339.0,-283.0,-297.0,-353.0,-255.0,-269.0,-297.0,-255.0,-227.0,-283.0
NO.100,1,-323.0,-334.0,-347.0,-333.0,-339.0,-339.0,-345.0,-336.0,-339.0,-334.0,-328.0,-356.0,-283.0,-329.0,-334.0,-300.0,-292.0,-313.0,-328.0,-323.0,-334.0,-333.0,-336.0,-339.0,-339.0,-339.0,-339.0,-336.0,-336.0,-339.0,-339.0,-339.0,-339.0,-339.0,-339.0,-339.0
NO.101,7,-246.0,-255.0,-264.0,-264.0,-246.0,-255.0,-264.0,-255.0,-255.0,-273.0,-264.0,-274.0,-255.0,-264.0,-311.0,-255.0,-273.0,-292.0,-246.0,-255.0,-246.0,-283.0,-236.0,-255.0,-245.0,-274.0,-273.0,-283.0,-293.0,-255.0,-349.0,-339.0,-292.0,-339.0,-348.0,-349.0
NO.102,5,-162.0,-160.0,-170.0,-151.0,-179.0,-198.0,-169.0,-199.0,-189.0,-151.0,-161.0,-171.0,-179.0,-179.0,-171.0,-150.0,-151.0,-181.0,-143.0,-132.0,-161.0,-151.0,-161.0,-171.0,-171.0,-171.0,-171.0,-152.0,-152.0,-171.0,-171.0,-171.0,-171.0,-171.0,-171.0,-171.0
NO.103,2,-63.0,-91.0,-91.0,-77.0,-56.0,-91.0,-56.0,-56.0,-70.0,-14.0,-56.0,-91.0,-14.0,-56.0,-42.0,-14.0,-7.0,-63.0,-77.0,-63.0,-91.0,-77.0,-91.0,-98.0,-91.0,-98.0,-112.0,-77.0,-98.0,-112.0,-84.0,-70.0,-98.0,-84.0,-84.0,-70.0
NO.104,3,0.0,0.0,6.0,0.0,0.0,0.0,0.0,-6.0,-12.0,6.0,-29.0,-35.0,0.0,-17.0,34.0,0.0,23.0,-17.0,-46.0,45.0,-34.0,34.0,-34.0,-23.0,-11.0,-23.0,-18.0,-29.0,-12.0,-12.0,-6.0,6.0,-6.0,0.0,0.0,6.0
NO.105,0,-246.0,-238.0,-255.0,-267.0,-267.0,-255.0,-238.0,-261.0,-262.0,-175.0,-227.0,-262.0,-165.0,-205.0,-216.0,-181.0,-159.0,-215.0,-243.0,-261.0,-255.0,-278.0,-256.0,-255.0,-250.0,-266.0,-267.0,-267.0,-255.0,-255.0,-261.0,-255.0,-255.0,-255.0,-255.0,-255.0
NO.106,5,-120.0,-136.0,-171.0,-171.0,-171.0,-171.0,-165.0,-177.0,-171.0,-96.0,-159.0,-237.0,-67.0,-152.0,-131.0,-84.0,-62.0,-152.0,-135.0,-147.0,-159.0,-165.0,-159.0,-165.0,-176.0,-160.0,-159.0,-193.0,-182.0,-160.0,-204.0,-193.0,-182.0,-204.0,-215.0,-193.0
NO.107,5,-156.0,-98.0,-127.0,-141.0,-185.0,-184.0,-185.0,-241.0,-228.0,-199.0,-227.0,-241.0,-185.0,-227.0,-213.0,-199.0,-186.0,-185.0,-98.0,-112.0,-141.0,-155.0,-155.0,-170.0,-170.0,-184.0,-169.0,-255.0,-227.0,-213.0,-227.0,-213.0,-213.0,-213.0,-213.0,-213.0
NO.108,4,-377.0,-396.0,-435.0,-407.0,-416.0,-453.0,-407.0,-454.0,-444.0,-340.0,-434.0,-491.0,-378.0,-464.0,-483.0,-387.0,-398.0,-425.0,-398.0,-369.0,-454.0,-444.0,-473.0,-501.0,-472.0,-501.0,-492.0,-501.0,-501.0,-510.0,-510.0,-510.0,-510.0,-510.0,-510.0,-510.0
NO.109,4,-412.0,-407.0,-383.0,-420.0,-411.0,-410.0,-402.0,-420.0,-431.0,-340.0,-382.0,-430.0,-320.0,-379.0,-410.0,-312.0,-326.0,-396.0,-370.0,-354.0,-383.0,-367.0,-383.0,-412.0,-406.0,-402.0,-403.0,-416.0,-420.0,-422.0,-438.0,-434.0,-430.0,-438.0,-442.0,-434.0
NO.110,1,-297.0,-283.0,-353.0,-325.0,-325.0,-339.0,-339.0,-339.0,-339.0,-269.0,-311.0,-353.0,-241.0,-283.0,-311.0,-255.0,-241.0,-297.0,-283.0,-311.0,-339.0,-339.0,-339.0,-339.0,-339.0,-339.0,-339.0,-339.0,-339.0,-339.0,-339.0,-339.0,-339.0,-339.0,-339.0,-339.0
NO.111,7,-269.0,-227.0,-241.0,-227.0,-283.0,-283.0,-297.0,-297.0,-311.0,-325.0,-325.0,-339.0,-283.0,-311.0,-311.0,-269.0,-269.0,-311.0,-283.0,-255.0,-269.0,-241.0,-269.0,-269.0,-283.0,-255.0,-283.0,-325.0,-283.0,-255.0,-353.0,-339.0,-297.0,-339.0,-353.0,-339.0
NO.112,1,-287.0,-266.0,-328.0,-323.0,-328.0,-345.0,-323.0,-350.0,-345.0,-278.0,-312.0,-362.0,-329.0,-350.0,-339.0,-334.0,-323.0,-346.0,-317.0,-310.0,-345.0,-327.0,-345.0,-340.0,-340.0,-335.0,-329.0,-356.0,-340.0,-323.0,-363.0,-356.0,-340.0,-357.0,-363.0,-356.0
NO.113,2,-66.0,-66.0,-66.0,-75.0,-66.0,-75.0,-75.0,-66.0,-84.0,-56.0,-56.0,-94.0,19.0,-28.0,-38.0,0.0,28.0,-56.0,-75.0,-57.0,-93.0,-57.0,-93.0,-93.0,-74.0,-103.0,-57.0,-84.0,-84.0,-84.0,-84.0,-84.0,-84.0,-84.0,-84.0,-84.0
NO.114,2,-36.0,-56.0,-75.0,-46.0,-84.0,-84.0,-94.0,-84.0,-104.0,-122.0,-122.0,-142.0,-94.0,-133.0,-114.0,-104.0,-94.0,-112.0,-84.0,-84.0,-84.0,-94.0,-74.0,-94.0,-93.0,-104.0,-95.0,-169.0,-151.0,-123.0,-141.0,-150.0,-132.0,-141.0,-141.0,-150.0
NO.115,0,-255.0,-283.0,-269.0,-255.0,-255.0,-283.0,-255.0,-241.0,-269.0,-255.0,-255.0,-255.0,-269.0,-255.0,-241.0,-283.0,-255.0,-255.0,-255.0,-255.0,-255.0,-269.0,-241.0,-255.0,-241.0,-269.0,-255.0,-269.0,-269.0,-255.0,-255.0,-255.0,-255.0,-255.0,-255.0,-255.0
NO.116,1,-339.0,-339.0,-343.0,-339.0,-339.0,-346.0,-339.0,-339.0,-346.0,-331.0,-335.0,-343.0,-317.0,-331.0,-337.0,-321.0,-321.0,-327.0,-329.0,-331.0,-333.0,-337.0,-331.0,-335.0,-337.0,-337.0,-337.0,-335.0,-335.0,-339.0,-339.0,-339.0,-339.0,-339.0,-339.0,-339.0
NO.117,7,-283.0,-297.0,-255.0,-255.0,-269.0,-339.0,-283.0,-311.0,-325.0,-283.0,-325.0,-339.0,-297.0,-311.0,-325.0,-297.0,-297.0,-311.0,-255.0,-255.0,-269.0,-241.0,-269.0,-311.0,-283.0,-283.0,-297.0,-339.0,-339.0,-339.0,-339.0,-339.0,-339.0,-339.0,-339.0,-339.0
NO.118,0,-255.0,-255.0,-255.0,-255.0,-255.0,-269.0,-255.0,-255.0,-269.0,-255.0,-255.0,-255.0,-255.0,-255.0,-255.0,-255.0,-255.0,-255.0,-241.0,-213.0,-255.0,-213.0,-255.0,-227.0,-269.0,-227.0,-199.0,-269.0,-241.0,-227.0,-255.0,-269.0,-241.0,-255.0,-255.0,-269.0
NO.119,1,-331.0,-345.0,-361.0,-345.0,-347.0,-357.0,-341.0,-339.0,-357.0,-339.0,-343.0,-337.0,-359.0,-353.0,-339.0,-351.0,-349.0,-345.0,-309.0,-323.0,-335.0,-345.0,-337.0,-339.0,-341.0,-341.0,-343.0,-341.0,-339.0,-339.0,-339.0,-339.0,-339.0,-339.0,-339.0,-339.0
NO.120,4,-465.0,-492.0,-523.0,-524.0,-510.0,-514.0,-496.0,-524.0,-510.0,-468.0,-489.0,-510.0,-510.0,-510.0,-510.0,-492.0,-513.0,-528.0,-472.0,-453.0,-488.0,-488.0,-499.0,-502.0,-510.0,-506.0,-502.0,-500.0,-488.0,-498.0,-510.0,-510.0,-506.0,-510.0,-514.0,-506.0
NO.121,1,-339.0,-349.0,-377.0,-343.0,-339.0,-339.0,-339.0,-334.0,-339.0,-331.0,-335.0,-344.0,-331.0,-340.0,-334.0,-322.0,-345.0,-348.0,-288.0,-302.0,-330.0,-340.0,-334.0,-339.0,-344.0,-334.0,-339.0,-322.0,-321.0,-330.0,-308.0,-303.0,-321.0,-321.0,-303.0,-303.0
NO.122,0,-325.0,-297.0,-262.0,-297.0,-304.0,-283.0,-283.0,-290.0,-311.0,-241.0,-248.0,-283.0,-234.0,-255.0,-241.0,-248.0,-234.0,-248.0,-262.0,-234.0,-269.0,-213.0,-276.0,-276.0,-255.0,-262.0,-248.0,-248.0,-241.0,-255.0,-255.0,-255.0,-255.0,-255.0,-255.0,-255.0
NO.123,5,-171.0,-171.0,-171.0,-171.0,-171.0,-171.0,-171.0,-171.0,-171.0,-171.0,-171.0,-171.0,-171.0,-171.0,-171.0,-171.0,-171.0,-171.0,-171.0,-171.0,-171.0,-171.0,-171.0,-171.0,-171.0,-171.0,-171.0,-171.0,-171.0,-171.0,-171.0,-171.0,-171.0,-171.0,-171.0,-171.0
NO.124,0,-227.0,-255.0,-269.0,-269.0,-241.0,-283.0,-255.0,-255.0,-255.0,-227.0,-241.0,-269.0,-227.0,-227.0,-227.0,-227.0,-241.0,-255.0,-227.0,-269.0,-269.0,-326.0,-240.0,-283.0,-240.0,-326.0,-297.0,-297.0,-283.0,-283.0,-269.0,-241.0,-269.0,-255.0,-255.0,-241.0
NO.125,7,-325.0,-311.0,-339.0,-276.0,-325.0,-346.0,-318.0,-332.0,-332.0,-227.0,-290.0,-304.0,-255.0,-241.0,-262.0,-255.0,-255.0,-269.0,-304.0,-269.0,-311.0,-304.0,-325.0,-339.0,-346.0,-332.0,-339.0,-360.0,-332.0,-353.0,-290.0,-318.0,-325.0,-283.0,-276.0,-318.0
NO.126,0,-276.0,-258.0,-245.0,-276.0,-259.0,-273.0,-280.0,-281.0,-280.0,-261.0,-258.0,-271.0,-229.0,-248.0,-240.0,-237.0,-236.0,-251.0,-263.0,-263.0,-259.0,-259.0,-255.0,-255.0,-259.0,-251.0,-255.0,-266.0,-255.0,-255.0,-255.0,-255.0,-255.0,-255.0,-255.0,-255.0
NO.127,2,-95.0,-74.0,-39.0,-96.0,-96.0,-61.0,-102.0,-101.0,-91.0,-96.0,-96.0,-84.0,-84.0,-72.0,-78.0,-84.0,-78.0,-84.0,-74.0,-79.0,-79.0,-74.0,-74.0,-79.0,-53.0,-84.0,-94.0,-97.0,-74.0,-84.0,-80.0,-64.0,-79.0,-74.0,-69.0,-64.0
NO.128,5,-197.0,-170.0,-228.0,-185.0,-241.0,-283.0,-213.0,-269.0,-255.0,-143.0,-213.0,-227.0,-113.0,-128.0,-199.0,-113.0,-156.0,-199.0,-127.0,-142.0,-213.0,-213.0,-213.0,-241.0,-255.0,-241.0,-227.0,-171.0,-199.0,-227.0,-157.0,-143.0,-199.0,-185.0,-157.0,-143.0
NO.129,5,-99.0,-127.0,-156.0,-142.0,-171.0,-171.0,-171.0,-171.0,-171.0,-83.0,-156.0,-171.0,-84.0,-113.0,-142.0,-84.0,-113.0,-142.0,-156.0,-141.0,-126.0,-171.0,-141.0,-141.0,-171.0,-156.0,-156.0,-156.0,-156.0,-186.0,-141.0,-126.0,-156.0,-156.0,-126.0,-126.0
NO.130,2,-140.0,-141.0,-126.0,-112.0,-125.0,-171.0,-98.0,-98.0,-126.0,-84.0,-84.0,-84.0,-84.0,-84.0,-55.0,-84.0,-84.0,-84.0,-84.0,-126.0,-112.0,-112.0,-112.0,-126.0,-111.0,-112.0,-84.0,-99.0,-98.0,-112.0,-84.0,-70.0,-98.0,-84.0,-84.0,-70.0
NO.131,2,-84.0,-98.0,-70.0,-126.0,-112.0,-98.0,-126.0,-140.0,-127.0,-98.0,-141.0,-83.0,-84.0,-41.0,-42.0,-84.0,-84.0,-84.0,-84.0,-84.0,-84.0,-84.0,-84.0,-98.0,-55.0,-98.0,-126.0,-198.0,-98.0,-112.0,-127.0,-70.0,-98.0,-84.0,-84.0,-70.0
NO.132,1,-339.0,-350.0,-362.0,-335.0,-336.0,-364.0,-339.0,-337.0,-340.0,-338.0,-340.0,-349.0,-336.0,-337.0,-325.0,-338.0,-336.0,-338.0,-307.0,-316.0,-340.0,-334.0,-345.0,-341.0,-345.0,-339.0,-339.0,-356.0,-339.0,-339.0,-341.0,-339.0,-339.0,-339.0,-339.0,-339.0
NO.133,0,-213.0,-241.0,-255.0,-241.0,-255.0,-255.0,-255.0,-255.0,-255.0,-255.0,-255.0,-269.0,-255.0,-255.0,-241.0,-255.0,-255.0,-255.0,-255.0,-255.0,-255.0,-241.0,-255.0,-227.0,-269.0,-213.0,-227.0,-283.0,-241.0,-227.0,-255.0,-269.0,-241.0,-255.0,-255.0,-269.0
NO.134,0,-282.0,-284.0,-274.0,-255.0,-282.0,-311.0,-273.0,-272.0,-292.0,-246.0,-264.0,-264.0,-255.0,-246.0,-245.0,-255.0,-255.0,-255.0,-264.0,-228.0,-273.0,-237.0,-273.0,-264.0,-282.0,-255.0,-255.0,-274.0,-255.0,-255.0,-255.0,-255.0,-255.0,-255.0,-255.0,-255.0
NO.135,1,-344.0,-369.0,-358.0,-359.0,-354.0,-389.0,-364.0,-359.0,-364.0,-349.0,-349.0,-349.0,-349.0,-344.0,-334.0,-349.0,-344.0,-339.0,-321.0,-315.0,-349.0,-334.0,-344.0,-344.0,-364.0,-344.0,-339.0,-336.0,-331.0,-343.0,-331.0,-327.0,-335.0,-331.0,-323.0,-331.0
NO.136,4,-426.0,-426.0,-426.0,-426.0,-426.0,-426.0,-426.0,-426.0,-426.0,-398.0,-405.0,-405.0,-391.0,-384.0,-391.0,-398.0,-384.0,-384.0,-426.0,-426.0,-426.0,-419.0,-433.0,-426.0,-433.0,-419.0,-426.0,-383.0,-390.0,-405.0,-426.0,-384.0,-405.0,-398.0,-419.0,-384.0
NO.137,2,-114.0,-100.0,-118.0,-101.0,-108.0,-137.0,-102.0,-109.0,-113.0,-46.0,-68.0,-92.0,1.0,-35.0,-69.0,-11.0,-28.0,-57.0,-96.0,-102.0,-114.0,-114.0,-108.0,-102.0,-114.0,-108.0,-90.0,-101.0,-96.0,-96.0,-85.0,-83.0,-90.0,-74.0,-79.0,-83.0
NO.138,5,-133.0,-118.0,-167.0,-152.0,-161.0,-171.0,-171.0,-166.0,-166.0,-103.0,-146.0,-151.0,-71.0,-113.0,-118.0,-72.0,-100.0,-126.0,-141.0,-156.0,-171.0,-171.0,-171.0,-175.0,-180.0,-166.0,-183.0,-181.0,-170.0,-184.0,-151.0,-162.0,-170.0,-141.0,-141.0,-167.0
NO.139,2,-84.0,-84.0,-84.0,-84.0,-84.0,-84.0,-84.0,-84.0,-84.0,-84.0,-84.0,-84.0,-84.0,-84.0,-84.0,-84.0,-84.0,-84.0,-84.0,-84.0,-70.0,-70.0,-70.0,-70.0,-42.0,-70.0,-112.0,-56.0,-70.0,-56.0,-98.0,-56.0,-70.0,-84.0,-98.0,-56.0
NO.140,1,-368.0,-392.0,-419.0,-328.0,-385.0,-437.0,-339.0,-327.0,-374.0,-339.0,-339.0,-339.0,-363.0,-363.0,-310.0,-363.0,-351.0,-339.0,-308.0,-299.0,-363.0,-333.0,-369.0,-363.0,-403.0,-352.0,-375.0,-362.0,-351.0,-363.0,-345.0,-327.0,-351.0,-339.0,-339.0,-327.0
NO.141,4,-414.0,-438.0,-443.0,-414.0,-420.0,-426.0,-402.0,-414.0,-426.0,-367.0,-362.0,-391.0,-362.0,-379.0,-362.0,-385.0,-362.0,-339.0,-397.0,-339.0,-397.0,-368.0,-397.0,-426.0,-426.0,-426.0,-426.0,-414.0,-397.0,-420.0,-403.0,-419.0,-414.0,-368.0,-397.0,-419.0
NO.142,4,-406.0,-425.0,-426.0,-406.0,-416.0,-426.0,-426.0,-426.0,-426.0,-406.0,-416.0,-406.0,-396.0,-395.0,-396.0,-387.0,-387.0,-405.0,-407.0,-369.0,-407.0,-388.0,-407.0,-426.0,-426.0,-426.0,-426.0,-387.0,-387.0,-416.0,-406.0,-386.0,-406.0,-396.0,-396.0,-386.0
NO.143,1,-335.0,-341.0,-353.0,-335.0,-335.0,-343.0,-331.0,-335.0,-337.0,-331.0,-335.0,-341.0,-331.0,-337.0,-341.0,-321.0,-339.0,-345.0,-311.0,-325.0,-339.0,-339.0,-339.0,-339.0,-339.0,-339.0,-339.0,-337.0,-335.0,-339.0,-339.0,-339.0,-339.0,-339.0,-339.0,-339.0
NO.144,0,-264.0,-273.0,-255.0,-282.0,-255.0,-255.0,-264.0,-255.0,-255.0,-273.0,-255.0,-237.0,-255.0,-237.0,-237.0,-255.0,-246.0,-237.0,-255.0,-255.0,-255.0,-255.0,-255.0,-255.0,-255.0,-255.0,-255.0,-264.0,-255.0,-255.0,-246.0,-264.0,-255.0,-237.0,-246.0,-264.0
NO.145,7,-273.0,-311.0,-302.0,-255.0,-283.0,-357.0,-246.0,-264.0,-273.0,-255.0,-255.0,-264.0,-255.0,-255.0,-246.0,-255.0,-255.0,-255.0,-236.0,-206.0,-284.0,-235.0,-284.0,-274.0,-312.0,-274.0,-273.0,-264.0,-255.0,-255.0,-255.0,-255.0,-255.0,-255.0,-255.0,-255.0
NO.146,7,-301.0,-293.0,-358.0,-265.0,-311.0,-348.0,-274.0,-311.0,-330.0,-245.0,-255.0,-293.0,-246.0,-255.0,-245.0,-255.0,-255.0,-255.0,-292.0,-293.0,-321.0,-321.0,-321.0,-312.0,-339.0,-312.0,-339.0,-300.0,-292.0,-302.0,-273.0,-281.0,-292.0,-264.0,-273.0,-281.0
NO.147,7,-339.0,-310.0,-325.0,-339.0,-311.0,-325.0,-369.0,-354.0,-325.0,-327.0,-312.0,-297.0,-241.0,-241.0,-269.0,-255.0,-255.0,-255.0,-339.0,-297.0,-339.0,-297.0,-339.0,-311.0,-311.0,-311.0,-297.0,-297.0,-269.0,-311.0,-255.0,-269.0,-283.0,-255.0,-241.0,-269.0
NO.148,5,-171.0,-166.0,-166.0,-176.0,-176.0,-166.0,-191.0,-181.0,-181.0,-181.0,-176.0,-181.0,-176.0,-181.0,-176.0,-181.0,-176.0,-171.0,-181.0,-176.0,-154.0,-165.0,-160.0,-114.0,-171.0,-119.0,-142.0,-187.0,-142.0,-113.0,-177.0,-182.0,-142.0,-171.0,-177.0,-182.0
NO.149,1,-339.0,-367.0,-339.0,-339.0,-339.0,-348.0,-339.0,-339.0,-339.0,-339.0,-339.0,-339.0,-339.0,-339.0,-339.0,-339.0,-339.0,-339.0,-293.0,-246.0,-311.0,-283.0,-311.0,-339.0,-339.0,-339.0,-339.0,-335.0,-335.0,-339.0,-339.0,-339.0,-339.0,-339.0,-339.0,-339.0
NO.150,1,-330.0,-338.0,-339.0,-348.0,-330.0,-339.0,-368.0,-349.0,-339.0,-377.0,-358.0,-339.0,-339.0,-348.0,-339.0,-339.0,-339.0,-339.0,-322.0,-310.0,-349.0,-320.0,-349.0,-349.0,-359.0,-349.0,-339.0,-311.0,-320.0,-339.0,-330.0,-339.0,-339.0,-339.0,-339.0,-339.0
NO.151,4,-390.0,-389.0,-382.0,-368.0,-383.0,-455.0,-384.0,-405.0,-419.0,-362.0,-361.0,-376.0,-368.0,-376.0,-347.0,-383.0,-361.0,-339.0,-346.0,-355.0,-412.0,-404.0,-426.0,-397.0,-426.0,-411.0,-388.0,-442.0,-397.0,-361.0,-404.0,-421.0,-383.0,-368.0,-404.0,-421.0
NO.152,1,-346.0,-360.0,-353.0,-342.0,-344.0,-372.0,-346.0,-347.0,-349.0,-337.0,-335.0,-354.0,-315.0,-336.0,-334.0,-316.0,-324.0,-338.0,-326.0,-330.0,-340.0,-353.0,-336.0,-337.0,-349.0,-346.0,-347.0,-344.0,-337.0,-341.0,-331.0,-335.0,-337.0,-335.0,-329.0,-335.0
NO.153,7,-283.0,-269.0,-297.0,-269.0,-283.0,-297.0,-269.0,-283.0,-297.0,-241.0,-255.0,-283.0,-255.0,-255.0,-227.0,-255.0,-255.0,-255.0,-269.0,-311.0,-339.0,-325.0,-325.0,-311.0,-325.0,-297.0,-325.0,-297.0,-269.0,-311.0,-255.0,-269.0,-283.0,-255.0,-241.0,-269.0
NO.154,4,-435.0,-454.0,-463.0,-435.0,-417.0,-453.0,-426.0,-426.0,-435.0,-415.0,-397.0,-386.0,-378.0,-357.0,-349.0,-377.0,-358.0,-359.0,-351.0,-349.0,-397.0,-396.0,-416.0,-416.0,-435.0,-416.0,-396.0,-426.0,-387.0,-387.0,-378.0,-370.0,-378.0,-349.0,-359.0,-370.0
NO.155,2,-142.0,-126.0,-171.0,-155.0,-142.0,-126.0,-170.0,-141.0,-126.0,-128.0,-99.0,-140.0,0.0,-84.0,-56.0,-56.0,-14.0,-56.0,-171.0,-171.0,-142.0,-171.0,-142.0,-84.0,-142.0,-113.0,-171.0,-84.0,-84.0,-84.0,-84.0,-84.0,-84.0,-84.0,-84.0,-84.0
NO.156,0,-206.0,-192.0,-248.0,-199.0,-227.0,-255.0,-255.0,-255.0,-255.0,-220.0,-220.0,-248.0,-150.0,-192.0,-220.0,-171.0,-185.0,-199.0,-255.0,-255.0,-255.0,-255.0,-255.0,-255.0,-255.0,-255.0,-255.0,-269.0,-255.0,-255.0,-241.0,-269.0,-255.0,-227.0,-241.0,-269.0
NO.157,0,-190.0,-208.0,-264.0,-199.0,-200.0,-273.0,-228.0,-237.0,-237.0,-208.0,-218.0,-190.0,-171.0,-152.0,-162.0,-171.0,-171.0,-171.0,-282.0,-264.0,-255.0,-264.0,-255.0,-255.0,-255.0,-255.0,-255.0,-228.0,-218.0,-265.0,-171.0,-181.0,-218.0,-171.0,-152.0,-181.0
NO.158,2,-84.0,-84.0,-84.0,-84.0,-84.0,-84.0,-84.0,-84.0,-84.0,-84.0,-84.0,-84.0,-84.0,-84.0,-84.0,-84.0,-84.0,-84.0,0.0,-84.0,-28.0,-70.0,-56.0,-28.0,-98.0,-28.0,-56.0,-84.0,-84.0,-84.0,-84.0,-84.0,-84.0,-84.0,-84.0,-84.0
NO.159,1,-312.0,-302.0,-363.0,-295.0,-312.0,-356.0,-333.0,-333.0,-340.0,-351.0,-339.0,-344.0,-369.0,-357.0,-328.0,-363.0,-363.0,-351.0,-372.0,-368.0,-345.0,-368.0,-345.0,-339.0,-345.0,-339.0,-339.0,-368.0,-345.0,-339.0,-345.0,-339.0,-339.0,-339.0,-339.0,-339.0
NO.160,4,-362.0,-356.0,-374.0,-373.0,-368.0,-379.0,-402.0,-390.0,-414.0,-396.0,-414.0,-414.0,-420.0,-432.0,-420.0,-409.0,-414.0,-431.0,-408.0,-408.0,-391.0,-408.0,-391.0,-363.0,-402.0,-368.0,-415.0,-415.0,-392.0,-363.0,-391.0,-358.0,-369.0,-397.0,-374.0,-358.0
NO.161,1,-339.0,-358.0,-377.0,-349.0,-349.0,-339.0,-359.0,-330.0,-369.0,-329.0,-349.0,-389.0,-339.0,-359.0,-330.0,-339.0,-349.0,-359.0,-396.0,-358.0,-339.0,-358.0,-339.0,-349.0,-358.0,-330.0,-369.0,-358.0,-349.0,-359.0,-329.0,-329.0,-349.0,-349.0,-329.0,-329.0
NO.162,4,-510.0,-468.0,-454.0,-468.0,-510.0,-496.0,-482.0,-524.0,-510.0,-454.0,-482.0,-510.0,-482.0,-482.0,-510.0,-482.0,-496.0,-510.0,-510.0,-468.0,-482.0,-468.0,-482.0,-454.0,-482.0,-454.0,-468.0,-496.0,-454.0,-426.0,-454.0,-412.0,-426.0,-454.0,-412.0,-426.0
NO.163,4,-406.0,-406.0,-454.0,-406.0,-388.0,-454.0,-426.0,-426.0,-398.0,-416.0,-406.0,-416.0,-406.0,-416.0,-397.0,-416.0,-406.0,-396.0,-510.0,-454.0,-426.0,-454.0,-426.0,-426.0,-426.0,-426.0,-426.0,-435.0,-416.0,-426.0,-416.0,-436.0,-426.0,-406.0,-416.0,-436.0
NO.164,1,-365.0,-376.0,-387.0,-369.0,-352.0,-382.0,-351.0,-343.0,-353.0,-371.0,-355.0,-358.0,-339.0,-339.0,-317.0,-339.0,-339.0,-339.0,-387.0,-368.0,-352.0,-368.0,-348.0,-362.0,-352.0,-363.0,-349.0,-358.0,-336.0,-342.0,-333.0,-330.0,-336.0,-336.0,-330.0,-330.0
NO.165,0,-255.0,-241.0,-255.0,-269.0,-269.0,-241.0,-311.0,-283.0,-269.0,-269.0,-283.0,-269.0,-255.0,-241.0,-255.0,-255.0,-255.0,-255.0,-255.0,-255.0,-255.0,-255.0,-255.0,-255.0,-255.0,-255.0,-255.0,-269.0,-255.0,-255.0,-255.0,-255.0,-255.0,-255.0,-255.0,-255.0
NO.166,0,-243.0,-249.0,-272.0,-243.0,-244.0,-260.0,-255.0,-249.0,-250.0,-261.0,-261.0,-249.0,-283.0,-260.0,-261.0,-271.0,-266.0,-261.0,-288.0,-278.0,-267.0,-278.0,-255.0,-249.0,-243.0,-255.0,-261.0,-228.0,-232.0,-237.0,-226.0,-217.0,-227.0,-238.0,-216.0,-222.0
NO.167,5,-157.0,-143.0,-171.0,-171.0,-157.0,-164.0,-206.0,-185.0,-171.0,-192.0,-192.0,-206.0,-171.0,-185.0,-171.0,-171.0,-178.0,-185.0,-192.0,-164.0,-150.0,-164.0,-150.0,-150.0,-143.0,-150.0,-150.0,-178.0,-157.0,-143.0,-171.0,-164.0,-157.0,-178.0,-171.0,-164.0
NO.168,2,-84.0,-84.0,-84.0,-84.0,-84.0,-84.0,-84.0,-84.0,-84.0,-84.0,-84.0,-84.0,-84.0,-84.0,-84.0,-84.0,-84.0,-84.0,-84.0,-84.0,-84.0,-84.0,-84.0,-84.0,-84.0,-84.0,-84.0,-84.0,-84.0,-84.0,-84.0,-84.0,-84.0,-84.0,-84.0,-84.0
NO.169,5,-175.0,-171.0,-176.0,-179.0,-166.0,-188.0,-183.0,-187.0,-174.0,-175.0,-179.0,-185.0,-171.0,-167.0,-161.0,-171.0,-171.0,-171.0,-198.0,-180.0,-171.0,-180.0,-171.0,-171.0,-171.0,-171.0,-171.0,-160.0,-146.0,-166.0,-116.0,-121.0,-146.0,-141.0,-106.0,-121.0
NO.170,0,-283.0,-269.0,-283.0,-269.0,-283.0,-297.0,-269.0,-283.0,-283.0,-241.0,-255.0,-283.0,-255.0,-255.0,-255.0,-255.0,-241.0,-255.0,-283.0,-269.0,-255.0,-283.0,-255.0,-255.0,-269.0,-255.0,-255.0,-255.0,-255.0,-255.0,-255.0,-255.0,-255.0,-255.0,-255.0,-255.0
NO.171,1,-331.0,-331.0,-339.0,-331.0,-335.0,-339.0,-339.0,-339.0,-339.0,-343.0,-339.0,-339.0,-355.0,-347.0,-339.0,-355.0,-347.0,-339.0,-363.0,-331.0,-331.0,-339.0,-331.0,-363.0,-331.0,-363.0,-347.0,-339.0,-339.0,-339.0,-339.0,-339.0,-339.0,-339.0,-339.0,-339.0
NO.172,1,-416.0,-445.0,-436.0,-406.0,-416.0,-416.0,-358.0,-367.0,-406.0,-340.0,-349.0,-377.0,-407.0,-368.0,-330.0,-407.0,-378.0,-349.0,-389.0,-406.0,-378.0,-406.0,-396.0,-388.0,-435.0,-369.0,-426.0,-349.0,-368.0,-397.0,-349.0,-310.0,-368.0,-339.0,-339.0,-310.0
NO.173,1,-325.0,-325.0,-339.0,-325.0,-332.0,-339.0,-339.0,-339.0,-339.0,-339.0,-339.0,-346.0,-339.0,-339.0,-332.0,-339.0,-339.0,-339.0,-339.0,-339.0,-339.0,-339.0,-339.0,-339.0,-346.0,-332.0,-339.0,-339.0,-332.0,-339.0,-339.0,-339.0,-339.0,-339.0,-339.0,-339.0
NO.174,0,-255.0,-255.0,-255.0,-255.0,-255.0,-255.0,-255.0,-255.0,-255.0,-255.0,-255.0,-255.0,-255.0,-269.0,-255.0,-255.0,-255.0,-255.0,-241.0,-227.0,-213.0,-227.0,-213.0,-213.0,-241.0,-199.0,-213.0,-255.0,-241.0,-199.0,-269.0,-241.0,-227.0,-255.0,-269.0,-241.0
NO.175,1,-339.0,-339.0,-339.0,-339.0,-339.0,-339.0,-339.0,-339.0,-339.0,-339.0,-339.0,-339.0,-339.0,-339.0,-336.0,-339.0,-339.0,-339.0,-348.0,-336.0,-336.0,-339.0,-336.0,-348.0,-336.0,-348.0,-342.0,-342.0,-339.0,-339.0,-339.0,-339.0,-339.0,-339.0,-339.0,-339.0
NO.176,2,-124.0,-86.0,-152.0,-151.0,-104.0,-171.0,-235.0,-179.0,-171.0,-274.0,-189.0,-132.0,-103.0,-132.0,-143.0,-112.0,-123.0,-114.0,-122.0,-133.0,-94.0,-142.0,-94.0,-103.0,-133.0,-103.0,-131.0,-114.0,-113.0,-122.0,-84.0,-65.0,-103.0,-94.0,-74.0,-65.0
NO.177,5,-151.0,-151.0,-171.0,-151.0,-161.0,-171.0,-171.0,-171.0,-171.0,-161.0,-142.0,-143.0,-151.0,-152.0,-133.0,-152.0,-133.0,-132.0,-171.0,-171.0,-171.0,-171.0,-171.0,-171.0,-171.0,-171.0,-171.0,-151.0,-142.0,-152.0,-160.0,-122.0,-151.0,-132.0,-159.0,-113.0
NO.178,2,-77.0,-56.0,-77.0,-70.0,-77.0,-84.0,-98.0,-91.0,-84.0,-98.0,-84.0,-70.0,-84.0,-70.0,-70.0,-84.0,-77.0,-70.0,-77.0,-70.0,-63.0,-77.0,-63.0,-70.0,-49.0,-84.0,-84.0,-70.0,-56.0,-70.0,-21.0,-7.0,-49.0,-35.0,-7.0,0.0
NO.179,3,-14.0,-42.0,-70.0,0.0,-14.0,-56.0,14.0,0.0,-14.0,0.0,0.0,0.0,0.0,0.0,0.0,0.0,0.0,0.0,-84.0,-70.0,-28.0,-84.0,-28.0,-42.0,-28.0,-56.0,-56.0,0.0,0.0,0.0,0.0,0.0,0.0,0.0,0.0,0.0
NO.180,2,-83.0,-77.0,-92.0,-67.0,-72.0,-112.0,-57.0,-77.0,-81.0,-62.0,-61.0,-65.0,-57.0,-61.0,-49.0,-60.0,-57.0,-54.0,-102.0,-99.0,-86.0,-99.0,-86.0,-96.0,-89.0,-96.0,-96.0,-65.0,-70.0,-80.0,-47.0,-46.0,-67.0,-46.0,-41.0,-49.0
NO.181,1,-339.0,-346.0,-365.0,-339.0,-333.0,-361.0,-345.0,-332.0,-352.0,-345.0,-333.0,-325.0,-339.0,-321.0,-314.0,-339.0,-330.0,-321.0,-387.0,-355.0,-336.0,-358.0,-342.0,-333.0,-345.0,-333.0,-345.0,-343.0,-336.0,-336.0,-339.0,-327.0,-333.0,-321.0,-333.0,-330.0
NO.182,5,-227.0,-255.0,-283.0,-199.0,-227.0,-199.0,-171.0,-143.0,-171.0,-156.0,-141.0,-141.0,-111.0,-126.0,-156.0,-126.0,-126.0,-126.0,-255.0,-184.0,-141.0,-184.0,-141.0,-216.0,-112.0,-215.0,-156.0,-111.0,-141.0,-156.0,-126.0,-111.0,-141.0,-126.0,-126.0,-111.0
NO.183,2,-94.0,-104.0,-104.0,-104.0,-84.0,-94.0,-104.0,-94.0,-74.0,-104.0,-94.0,-84.0,-104.0,-104.0,-84.0,-104.0,-94.0,-84.0,-114.0,-94.0,-84.0,-94.0,-84.0,-84.0,-84.0,-84.0,-84.0,-84.0,-84.0,-84.0,-84.0,-84.0,-84.0,-84.0,-84.0,-84.0
NO.184,5,-171.0,-171.0,-171.0,-171.0,-171.0,-171.0,-171.0,-171.0,-171.0,-171.0,-171.0,-171.0,-171.0,-171.0,-171.0,-171.0,-171.0,-171.0,-171.0,-171.0,-152.0,-171.0,-152.0,-114.0,-152.0,-114.0,-171.0,-161.0,-142.0,-95.0,-190.0,-152.0,-133.0,-171.0,-190.0,-152.0
NO.185,0,-253.0,-255.0,-257.0,-249.0,-255.0,-257.0,-253.0,-253.0,-257.0,-244.0,-246.0,-262.0,-231.0,-254.0,-253.0,-238.0,-243.0,-248.0,-270.0,-258.0,-258.0,-261.0,-258.0,-270.0,-256.0,-270.0,-266.0,-237.0,-236.0,-264.0,-223.0,-229.0,-246.0,-239.0,-216.0,-229.0
NO.186,5,-162.0,-171.0,-171.0,-180.0,-162.0,-171.0,-180.0,-171.0,-171.0,-189.0,-180.0,-171.0,-171.0,-171.0,-171.0,-171.0,-171.0,-171.0,-161.0,-151.0,-141.0,-161.0,-141.0,-141.0,-151.0,-141.0,-141.0,-151.0,-141.0,-141.0,-131.0,-141.0,-141.0,-151.0,-131.0,-141.0
NO.187,1,-382.0,-368.0,-412.0,-368.0,-397.0,-426.0,-398.0,-412.0,-426.0,-370.0,-412.0,-397.0,-398.0,-384.0,-326.0,-412.0,-370.0,-383.0,-384.0,-426.0,-383.0,-412.0,-383.0,-339.0,-412.0,-339.0,-384.0,-368.0,-339.0,-339.0,-339.0,-339.0,-339.0,-339.0,-339.0,-339.0
NO.188,1,-372.0,-367.0,-394.0,-350.0,-364.0,-393.0,-343.0,-350.0,-372.0,-331.0,-355.0,-355.0,-339.0,-339.0,-331.0,-335.0,-331.0,-351.0,-389.0,-376.0,-343.0,-381.0,-343.0,-351.0,-368.0,-351.0,-343.0,-343.0,-335.0,-339.0,-339.0,-339.0,-339.0,-339.0,-339.0,-339.0
NO.189,7,-270.0,-311.0,-384.0,-268.0,-256.0,-340.0,-255.0,-254.0,-269.0,-325.0,-297.0,-241.0,-311.0,-269.0,-255.0,-297.0,-283.0,-269.0,-285.0,-354.0,-283.0,-355.0,-283.0,-255.0,-312.0,-255.0,-255.0,-241.0,-241.0,-255.0,-255.0,-255.0,-255.0,-255.0,-255.0,-255.0
NO.190,1,-346.0,-311.0,-346.0,-299.0,-352.0,-357.0,-317.0,-334.0,-345.0,-311.0,-334.0,-351.0,-357.0,-351.0,-351.0,-340.0,-345.0,-374.0,-345.0,-339.0,-339.0,-345.0,-339.0,-345.0,-351.0,-339.0,-357.0,-351.0,-357.0,-351.0,-375.0,-369.0,-363.0,-375.0,-381.0,-369.0
NO.191,4,-434.0,-434.0,-444.0,-426.0,-434.0,-452.0,-425.0,-433.0,-433.0,-424.0,-422.0,-429.0,-402.0,-420.0,-425.0,-405.0,-408.0,-424.0,-441.0,-438.0,-428.0,-439.0,-428.0,-426.0,-435.0,-424.0,-426.0,-403.0,-414.0,-421.0,-432.0,-427.0,-425.0,-432.0,-434.0,-430.0
NO.192,4,-418.0,-411.0,-428.0,-410.0,-416.0,-433.0,-422.0,-425.0,-429.0,-428.0,-444.0,-449.0,-434.0,-453.0,-422.0,-422.0,-417.0,-435.0,-439.0,-427.0,-420.0,-427.0,-420.0,-422.0,-425.0,-420.0,-424.0,-453.0,-434.0,-423.0,-442.0,-432.0,-429.0,-435.0,-438.0,-432.0
NO.193,4,-482.0,-468.0,-482.0,-454.0,-468.0,-482.0,-454.0,-468.0,-454.0,-440.0,-482.0,-482.0,-468.0,-482.0,-496.0,-468.0,-468.0,-482.0,-510.0,-510.0,-510.0,-510.0,-510.0,-510.0,-510.0,-510.0,-510.0,-510.0,-510.0,-510.0,-510.0,-510.0,-510.0,-510.0,-510.0,-510.0
NO.194,1,-340.0,-339.0,-358.0,-311.0,-330.0,-340.0,-302.0,-303.0,-311.0,-292.0,-340.0,-321.0,-312.0,-312.0,-311.0,-312.0,-293.0,-340.0,-369.0,-349.0,-339.0,-349.0,-339.0,-339.0,-339.0,-339.0,-339.0,-349.0,-339.0,-339.0,-339.0,-339.0,-339.0,-339.0,-339.0,-339.0
NO.195,2,-127.0,-98.0,-157.0,-69.0,-113.0,-170.0,-70.0,-83.0,-127.0,-70.0,-70.0,-98.0,-28.0,-70.0,-84.0,-42.0,-56.0,-70.0,-171.0,-171.0,-171.0,-171.0,-171.0,-171.0,-186.0,-171.0,-171.0,-55.0,-127.0,-156.0,-84.0,-69.0,-113.0,-84.0,-70.0,-83.0
NO.196,5,-141.0,-148.0,-185.0,-141.0,-163.0,-185.0,-171.0,-171.0,-171.0,-142.0,-142.0,-200.0,-55.0,-142.0,-171.0,-84.0,-84.0,-113.0,-192.0,-178.0,-171.0,-178.0,-171.0,-171.0,-171.0,-171.0,-171.0,-171.0,-171.0,-171.0,-171.0,-171.0,-171.0,-171.0,-171.0,-171.0
NO.197,4,-385.0,-363.0,-397.0,-374.0,-391.0,-420.0,-402.0,-414.0,-426.0,-402.0,-414.0,-426.0,-426.0,-426.0,-403.0,-420.0,-431.0,-374.0,-420.0,-402.0,-385.0,-402.0,-385.0,-380.0,-402.0,-373.0,-400.0,-403.0,-385.0,-379.0,-374.0,-346.0,-368.0,-357.0,-357.0,-346.0
NO.198,1,-357.0,-350.0,-385.0,-339.0,-357.0,-381.0,-345.0,-346.0,-357.0,-333.0,-357.0,-363.0,-339.0,-345.0,-321.0,-339.0,-327.0,-351.0,-369.0,-384.0,-362.0,-372.0,-368.0,-345.0,-374.0,-345.0,-339.0,-346.0,-334.0,-339.0,-339.0,-339.0,-339.0,-339.0,-339.0,-339.0
NO.199,4,-412.0,-384.0,-412.0,-384.0,-398.0,-440.0,-398.0,-412.0,-412.0,-397.0,-411.0,-413.0,-324.0,-369.0,-398.0,-339.0,-325.0,-382.0,-412.0,-398.0,-384.0,-398.0,-384.0,-398.0,-412.0,-384.0,-426.0,-383.0,-411.0,-412.0,-440.0,-412.0,-412.0,-426.0,-426.0,-426.0
NO.200,1,-341.0,-341.0,-339.0,-337.0,-341.0,-339.0,-333.0,-337.0,-339.0,-339.0,-347.0,-346.0,-358.0,-354.0,-338.0,-356.0,-348.0,-356.0,-339.0,-339.0,-339.0,-339.0,-339.0,-337.0,-339.0,-337.0,-333.0,-354.0,-343.0,-332.0,-351.0,-347.0,-340.0,-348.0,-351.0,-347.0
NO.201,4,-397.0,-353.0,-397.0,-368.0,-397.0,-426.0,-398.0,-412.0,-426.0,-398.0,-412.0,-412.0,-426.0,-412.0,-384.0,-397.0,-398.0,-441.0,-426.0,-412.0,-384.0,-412.0,-384.0,-426.0,-398.0,-426.0,-398.0,-383.0,-369.0,-384.0,-384.0,-384.0,-384.0,-384.0,-384.0,-384.0
NO.202,1,-339.0,-331.0,-339.0,-339.0,-339.0,-339.0,-355.0,-347.0,-339.0,-363.0,-363.0,-347.0,-363.0,-355.0,-331.0,-343.0,-339.0,-355.0,-319.0,-319.0,-299.0,-315.0,-299.0,-323.0,-319.0,-327.0,-311.0,-351.0,-335.0,-331.0,-339.0,-343.0,-335.0,-339.0,-339.0,-343.0
NO.203,0,-246.0,-255.0,-255.0,-264.0,-246.0,-255.0,-264.0,-255.0,-255.0,-273.0,-273.0,-273.0,-255.0,-264.0,-237.0,-255.0,-246.0,-264.0,-255.0,-255.0,-255.0,-255.0,-255.0,-255.0,-255.0,-255.0,-255.0,-264.0,-255.0,-255.0,-255.0,-255.0,-255.0,-255.0,-255.0,-255.0
NO.204,4,-428.0,-430.0,-426.0,-424.0,-428.0,-426.0,-416.0,-422.0,-426.0,-408.0,-414.0,-430.0,-406.0,-420.0,-414.0,-412.0,-406.0,-408.0,-424.0,-428.0,-427.0,-427.0,-425.0,-420.0,-424.0,-420.0,-418.0,-402.0,-396.0,-412.0,-412.0,-406.0,-410.0,-408.0,-408.0,-406.0
NO.205,1,-324.0,-339.0,-339.0,-354.0,-324.0,-339.0,-354.0,-339.0,-339.0,-369.0,-354.0,-339.0,-339.0,-339.0,-339.0,-339.0,-339.0,-339.0,-339.0,-339.0,-339.0,-339.0,-339.0,-339.0,-339.0,-339.0,-339.0,-339.0,-339.0,-339.0,-339.0,-339.0,-339.0,-339.0,-339.0,-339.0
NO.206,4,-426.0,-412.0,-426.0,-440.0,-440.0,-412.0,-482.0,-454.0,-440.0,-440.0,-440.0,-454.0,-426.0,-426.0,-426.0,-426.0,-426.0,-426.0,-426.0,-426.0,-397.0,-426.0,-426.0,-368.0,-426.0,-397.0,-368.0,-441.0,-383.0,-368.0,-426.0,-455.0,-397.0,-426.0,-426.0,-455.0
NO.207,1,-345.0,-346.0,-345.0,-339.0,-342.0,-351.0,-328.0,-338.0,-345.0,-331.0,-340.0,-346.0,-351.0,-358.0,-331.0,-349.0,-341.0,-344.0,-372.0,-339.0,-336.0,-351.0,-336.0,-366.0,-333.0,-366.0,-357.0,-344.0,-339.0,-339.0,-339.0,-339.0,-339.0,-339.0,-339.0,-339.0
NO.208,4,-426.0,-454.0,-440.0,-426.0,-426.0,-454.0,-426.0,-412.0,-440.0,-426.0,-426.0,-426.0,-426.0,-426.0,-426.0,-426.0,-426.0,-426.0,-426.0,-426.0,-426.0,-426.0,-426.0,-426.0,-426.0,-426.0,-426.0,-412.0,-412.0,-426.0,-426.0,-426.0,-426.0,-426.0,-426.0,-426.0
NO.209,0,-255.0,-241.0,-255.0,-269.0,-269.0,-241.0,-311.0,-283.0,-269.0,-269.0,-311.0,-311.0,-255.0,-269.0,-213.0,-255.0,-227.0,-283.0,-255.0,-255.0,-255.0,-255.0,-255.0,-255.0,-255.0,-255.0,-255.0,-283.0,-255.0,-255.0,-255.0,-255.0,-255.0,-255.0,-255.0,-255.0
NO.210,0,-241.0,-241.0,-241.0,-227.0,-241.0,-255.0,-199.0,-227.0,-255.0,-157.0,-213.0,-213.0,-227.0,-185.0,-157.0,-213.0,-185.0,-199.0,-255.0,-255.0,-241.0,-255.0,-241.0,-199.0,-227.0,-213.0,-227.0,-185.0,-171.0,-171.0,-171.0,-171.0,-171.0,-171.0,-171.0,-171.0
NO.211,2,-89.0,-84.0,-94.0,-89.0,-84.0,-104.0,-94.0,-94.0,-94.0,-104.0,-104.0,-99.0,-84.0,-94.0,-64.0,-84.0,-69.0,-94.0,-99.0,-94.0,-84.0,-94.0,-84.0,-104.0,-89.0,-104.0,-104.0,-89.0,-89.0,-94.0,-84.0,-79.0,-89.0,-84.0,-84.0,-79.0
NO.212,4,-510.0,-538.0,-510.0,-510.0,-510.0,-510.0,-454.0,-482.0,-510.0,-454.0,-473.0,-492.0,-510.0,-492.0,-492.0,-510.0,-501.0,-492.0,-483.0,-510.0,-501.0,-510.0,-510.0,-501.0,-519.0,-492.0,-492.0,-501.0,-492.0,-519.0,-483.0,-492.0,-501.0,-483.0,-474.0,-492.0
NO.213,4,-520.0,-519.0,-510.0,-491.0,-511.0,-519.0,-464.0,-492.0,-501.0,-481.0,-454.0,-445.0,-482.0,-435.0,-473.0,-454.0,-510.0,-454.0,-501.0,-483.0,-500.0,-483.0,-500.0,-472.0,-491.0,-472.0,-513.0,-444.0,-445.0,-464.0,-435.0,-407.0,-445.0,-426.0,-426.0,-407.0
NO.214,4,-444.0,-415.0,-482.0,-401.0,-440.0,-472.0,-430.0,-415.0,-445.0,-434.0,-434.0,-443.0,-426.0,-439.0,-425.0,-426.0,-430.0,-434.0,-449.0,-468.0,-467.0,-453.0,-472.0,-440.0,-477.0,-430.0,-426.0,-410.0,-411.0,-416.0,-412.0,-401.0,-416.0,-425.0,-412.0,-406.0
NO.215,1,-332.0,-339.0,-339.0,-346.0,-332.0,-339.0,-346.0,-339.0,-339.0,-353.0,-361.0,-376.0,-339.0,-369.0,-362.0,-339.0,-354.0,-369.0,-339.0,-339.0,-339.0,-339.0,-339.0,-339.0,-339.0,-339.0,-339.0,-332.0,-325.0,-339.0,-324.0,-339.0,-339.0,-354.0,-324.0,-339.0
NO.216,4,-421.0,-414.0,-423.0,-415.0,-417.0,-435.0,-417.0,-426.0,-433.0,-417.0,-422.0,-430.0,-436.0,-436.0,-423.0,-434.0,-431.0,-428.0,-423.0,-425.0,-412.0,-425.0,-412.0,-412.0,-421.0,-409.0,-430.0,-395.0,-402.0,-417.0,-404.0,-393.0,-410.0,-415.0,-400.0,-397.0
NO.217,1,-357.0,-342.0,-354.0,-342.0,-346.0,-361.0,-356.0,-360.0,-353.0,-350.0,-342.0,-357.0,-343.0,-351.0,-339.0,-347.0,-343.0,-339.0,-369.0,-358.0,-347.0,-361.0,-347.0,-339.0,-350.0,-343.0,-351.0,-330.0,-329.0,-340.0,-328.0,-312.0,-329.0,-332.0,-321.0,-312.0
NO.218,1,-339.0,-339.0,-339.0,-339.0,-339.0,-339.0,-339.0,-339.0,-339.0,-339.0,-336.0,-333.0,-336.0,-333.0,-336.0,-333.0,-336.0,-333.0,-339.0,-336.0,-333.0,-336.0,-333.0,-348.0,-336.0,-345.0,-333.0,-283.0,-295.0,-340.0,-268.0,-267.0,-305.0,-295.0,-251.0,-274.0
NO.219,0,-255.0,-241.0,-255.0,-269.0,-269.0,-241.0,-311.0,-283.0,-269.0,-269.0,-269.0,-283.0,-255.0,-255.0,-255.0,-255.0,-255.0,-255.0,-255.0,-255.0,-255.0,-255.0,-255.0,-255.0,-255.0,-255.0,-255.0,-241.0,-241.0,-255.0,-255.0,-255.0,-255.0,-255.0,-255.0,-255.0
NO.220,1,-339.0,-339.0,-339.0,-339.0,-339.0,-339.0,-339.0,-339.0,-339.0,-339.0,-339.0,-342.0,-335.0,-337.0,-336.0,-335.0,-335.0,-339.0,-333.0,-339.0,-337.0,-337.0,-337.0,-342.0,-339.0,-340.0,-339.0,-339.0,-342.0,-327.0,-339.0,-332.0,-323.0,-339.0,-331.0,-324.0
NO.221,4,-438.0,-442.0,-430.0,-434.0,-433.0,-428.0,-416.0,-420.0,-431.0,-400.0,-406.0,-410.0,-402.0,-390.0,-385.0,-400.0,-400.0,-396.0,-432.0,-428.0,-426.0,-428.0,-426.0,-426.0,-423.0,-426.0,-418.0,-399.0,-392.0,-390.0,-387.0,-358.0,-376.0,-380.0,-358.0,-363.0
NO.222,4,-412.0,-384.0,-412.0,-398.0,-412.0,-426.0,-426.0,-426.0,-426.0,-412.0,-412.0,-440.0,-384.0,-426.0,-412.0,-412.0,-384.0,-412.0,-426.0,-426.0,-412.0,-426.0,-412.0,-369.0,-412.0,-369.0,-396.0,-399.0,-369.0,-369.0,-398.0,-385.0,-369.0,-398.0,-384.0,-384.0
NO.223,1,-325.0,-311.0,-339.0,-297.0,-339.0,-339.0,-325.0,-339.0,-339.0,-311.0,-325.0,-367.0,-339.0,-324.0,-296.0,-339.0,-339.0,-339.0,-354.0,-369.0,-384.0,-369.0,-384.0,-384.0,-354.0,-384.0,-384.0,-397.0,-354.0,-399.0,-339.0,-354.0,-369.0,-339.0,-324.0,-354.0
NO.224,1,-339.0,-339.0,-344.0,-342.0,-337.0,-341.0,-345.0,-342.0,-337.0,-339.0,-339.0,-356.0,-335.0,-337.0,-323.0,-335.0,-337.0,-339.0,-369.0,-344.0,-349.0,-349.0,-349.0,-367.0,-344.0,-367.0,-380.0,-359.0,-373.0,-366.0,-339.0,-325.0,-355.0,-339.0,-332.0,-337.0
NO.225,4,-384.0,-370.0,-384.0,-384.0,-384.0,-384.0,-412.0,-398.0,-398.0,-440.0,-426.0,-398.0,-426.0,-426.0,-426.0,-426.0,-426.0,-426.0,-384.0,-384.0,-384.0,-384.0,-384.0,-384.0,-384.0,-370.0,-384.0,-397.0,-397.0,-398.0,-440.0,-426.0,-398.0,-426.0,-426.0,-426.0
NO.226,1,-354.0,-345.0,-351.0,-343.0,-345.0,-360.0,-349.0,-356.0,-360.0,-340.0,-348.0,-354.0,-350.0,-347.0,-320.0,-353.0,-346.0,-339.0,-370.0,-348.0,-345.0,-358.0,-349.0,-363.0,-343.0,-361.0,-375.0,-376.0,-362.0,-357.0,-355.0,-330.0,-360.0,-342.0,-342.0,-345.0
NO.227,0,-269.0,-283.0,-255.0,-297.0,-255.0,-255.0,-269.0,-255.0,-255.0,-283.0,-269.0,-269.0,-255.0,-255.0,-241.0,-255.0,-241.0,-255.0,-255.0,-255.0,-255.0,-255.0,-255.0,-255.0,-255.0,-255.0,-255.0,-269.0,-255.0,-255.0,-255.0,-255.0,-255.0,-255.0,-255.0,-255.0
NO.228,4,-431.0,-436.0,-443.0,-427.0,-433.0,-437.0,-423.0,-422.0,-437.0,-417.0,-434.0,-424.0,-422.0,-417.0,-416.0,-424.0,-421.0,-426.0,-434.0,-433.0,-418.0,-430.0,-418.0,-412.0,-414.0,-406.0,-405.0,-420.0,-396.0,-389.0,-399.0,-373.0,-388.0,-403.0,-379.0,-380.0
NO.229,1,-353.0,-360.0,-339.0,-367.0,-353.0,-353.0,-360.0,-367.0,-360.0,-353.0,-346.0,-353.0,-346.0,-346.0,-338.0,-353.0,-346.0,-339.0,-339.0,-339.0,-339.0,-339.0,-339.0,-339.0,-339.0,-339.0,-339.0,-347.0,-332.0,-332.0,-339.0,-339.0,-332.0,-339.0,-339.0,-332.0
NO.230,1,-350.0,-358.0,-365.0,-350.0,-345.0,-354.0,-345.0,-338.0,-347.0,-353.0,-348.0,-338.0,-352.0,-341.0,-332.0,-347.0,-350.0,-345.0,-363.0,-352.0,-342.0,-353.0,-342.0,-346.0,-339.0,-345.0,-361.0,-349.0,-342.0,-344.0,-344.0,-331.0,-343.0,-339.0,-337.0,-337.0
NO.231,1,-412.0,-384.0,-412.0,-398.0,-412.0,-426.0,-426.0,-426.0,-426.0,-404.0,-382.0,-404.0,-354.0,-383.0,-382.0,-369.0,-354.0,-367.0,-412.0,-390.0,-360.0,-397.0,-360.0,-406.0,-381.0,-406.0,-420.0,-354.0,-368.0,-368.0,-347.0,-310.0,-368.0,-346.0,-332.0,-339.0
NO.232,1,-339.0,-339.0,-339.0,-339.0,-339.0,-339.0,-339.0,-339.0,-339.0,-339.0,-339.0,-339.0,-339.0,-339.0,-339.0,-339.0,-339.0,-339.0,-339.0,-339.0,-330.0,-339.0,-330.0,-321.0,-330.0,-321.0,-357.0,-302.0,-311.0,-312.0,-348.0,-321.0,-330.0,-339.0,-348.0,-321.0
NO.233,1,-339.0,-339.0,-343.0,-343.0,-339.0,-339.0,-347.0,-343.0,-343.0,-343.0,-347.0,-369.0,-365.0,-362.0,-330.0,-368.0,-357.0,-348.0,-351.0,-343.0,-343.0,-343.0,-343.0,-362.0,-343.0,-362.0,-357.0,-361.0,-354.0,-358.0,-335.0,-328.0,-358.0,-343.0,-335.0,-339.0
NO.234,4,-410.0,-426.0,-424.0,-403.0,-407.0,-415.0,-381.0,-389.0,-399.0,-396.0,-396.0,-378.0,-422.0,-397.0,-383.0,-416.0,-406.0,-396.0,-408.0,-406.0,-393.0,-403.0,-393.0,-412.0,-393.0,-412.0,-407.0,-362.0,-372.0,-388.0,-372.0,-340.0,-378.0,-372.0,-352.0,-353.0
NO.235,1,-358.0,-359.0,-396.0,-330.0,-358.0,-378.0,-329.0,-340.0,-339.0,-339.0,-339.0,-339.0,-339.0,-339.0,-339.0,-339.0,-339.0,-339.0,-366.0,-378.0,-359.0,-368.0,-359.0,-378.0,-369.0,-378.0,-357.0,-330.0,-358.0,-378.0,-329.0,-340.0,-358.0,-339.0,-329.0,-349.0
NO.236,4,-426.0,-426.0,-426.0,-426.0,-426.0,-426.0,-426.0,-426.0,-426.0,-426.0,-426.0,-426.0,-426.0,-426.0,-426.0,-426.0,-426.0,-426.0,-426.0,-426.0,-426.0,-426.0,-426.0,-426.0,-426.0,-426.0,-426.0,-398.0,-426.0,-412.0,-440.0,-412.0,-412.0,-426.0,-426.0,-426.0
NO.237,1,-371.0,-386.0,-370.0,-372.0,-361.0,-361.0,-342.0,-343.0,-351.0,-336.0,-344.0,-345.0,-349.0,-344.0,-327.0,-349.0,-344.0,-339.0,-369.0,-357.0,-348.0,-357.0,-348.0,-351.0,-342.0,-351.0,-344.0,-361.0,-339.0,-339.0,-344.0,-339.0,-339.0,-339.0,-339.0,-339.0
NO.238,1,-339.0,-339.0,-349.0,-339.0,-329.0,-349.0,-339.0,-339.0,-329.0,-339.0,-339.0,-339.0,-339.0,-339.0,-329.0,-339.0,-339.0,-339.0,-369.0,-349.0,-339.0,-349.0,-339.0,-339.0,-339.0,-339.0,-339.0,-349.0,-339.0,-339.0,-339.0,-339.0,-339.0,-339.0,-339.0,-339.0
NO.239,2,-112.0,-133.0,-112.0,-112.0,-98.0,-105.0,-77.0,-84.0,-105.0,-84.0,-98.0,-77.0,-84.0,-70.0,-55.0,-84.0,-84.0,-84.0,-105.0,-98.0,-91.0,-98.0,-91.0,-148.0,-77.0,-141.0,-142.0,-120.0,-120.0,-127.0,-106.0,-69.0,-120.0,-84.0,-91.0,-98.0
NO.240,5,-171.0,-184.0,-171.0,-171.0,-171.0,-171.0,-145.0,-158.0,-171.0,-118.0,-119.0,-147.0,-128.0,-117.0,-108.0,-133.0,-118.0,-113.0,-171.0,-171.0,-171.0,-171.0,-171.0,-171.0,-168.0,-171.0,-163.0,-118.0,-127.0,-126.0,-108.0,-84.0,-118.0,-103.0,-87.0,-105.0
NO.241,5,-178.0,-171.0,-195.0,-164.0,-175.0,-191.0,-171.0,-164.0,-188.0,-163.0,-178.0,-150.0,-159.0,-135.0,-139.0,-159.0,-152.0,-153.0,-188.0,-187.0,-177.0,-188.0,-177.0,-191.0,-177.0,-178.0,-196.0,-184.0,-156.0,-178.0,-136.0,-120.0,-166.0,-134.0,-118.0,-138.0
NO.242,0,-255.0,-227.0,-241.0,-199.0,-227.0,-269.0,-171.0,-227.0,-227.0,-269.0,-199.0,-199.0,-241.0,-213.0,-185.0,-213.0,-241.0,-213.0,-199.0,-227.0,-213.0,-213.0,-213.0,-255.0,-269.0,-227.0,-171.0,-171.0,-227.0,-255.0,-171.0,-199.0,-227.0,-171.0,-199.0,-227.0
NO.243,0,-255.0,-255.0,-255.0,-255.0,-255.0,-255.0,-255.0,-255.0,-255.0,-255.0,-248.0,-241.0,-248.0,-234.0,-248.0,-241.0,-248.0,-241.0,-248.0,-241.0,-241.0,-241.0,-241.0,-255.0,-255.0,-248.0,-220.0,-220.0,-206.0,-191.0,-241.0,-192.0,-198.0,-234.0,-206.0,-192.0
NO.244,5,-171.0,-171.0,-171.0,-171.0,-171.0,-171.0,-171.0,-171.0,-171.0,-171.0,-185.0,-199.0,-185.0,-199.0,-185.0,-199.0,-171.0,-199.0,-171.0,-171.0,-171.0,-171.0,-171.0,-171.0,-171.0,-171.0,-171.0,-171.0,-171.0,-171.0,-157.0,-171.0,-171.0,-185.0,-157.0,-171.0
NO.245,0,-239.0,-244.0,-261.0,-239.0,-250.0,-249.0,-245.0,-244.0,-261.0,-227.0,-244.0,-267.0,-255.0,-255.0,-244.0,-255.0,-255.0,-255.0,-291.0,-255.0,-249.0,-261.0,-249.0,-279.0,-249.0,-279.0,-273.0,-220.0,-233.0,-249.0,-233.0,-204.0,-239.0,-238.0,-222.0,-222.0
NO.246,0,-255.0,-255.0,-259.0,-255.0,-251.0,-259.0,-255.0,-255.0,-251.0,-263.0,-255.0,-259.0,-271.0,-271.0,-251.0,-271.0,-263.0,-255.0,-243.0,-231.0,-199.0,-235.0,-199.0,-227.0,-203.0,-235.0,-255.0,-239.0,-235.0,-247.0,-243.0,-219.0,-243.0,-247.0,-239.0,-219.0
NO.247,5,-141.0,-141.0,-171.0,-141.0,-156.0,-171.0,-171.0,-171.0,-171.0,-171.0,-171.0,-171.0,-171.0,-171.0,-171.0,-171.0,-171.0,-171.0,-171.0,-171.0,-171.0,-171.0,-171.0,-171.0,-171.0,-171.0,-171.0,-142.0,-127.0,-127.0,-171.0,-141.0,-142.0,-171.0,-156.0,-127.0
NO.248,2,-84.0,-70.0,-98.0,-98.0,-84.0,-84.0,-140.0,-112.0,-84.0,-126.0,-112.0,-140.0,-126.0,-140.0,-126.0,-126.0,-126.0,-126.0,-126.0,-98.0,-84.0,-98.0,-84.0,-84.0,-84.0,-84.0,-84.0,-84.0,-84.0,-70.0,-70.0,-84.0,-70.0,-98.0,-70.0,-70.0
NO.249,1,-349.0,-348.0,-373.0,-329.0,-340.0,-353.0,-326.0,-325.0,-330.0,-335.0,-335.0,-344.0,-359.0,-359.0,-334.0,-359.0,-349.0,-339.0,-381.0,-368.0,-344.0,-368.0,-344.0,-344.0,-344.0,-344.0,-349.0,-339.0,-340.0,-326.0,-339.0,-321.0,-325.0,-335.0,-321.0,-325.0
NO.250,1,-354.0,-353.0,-412.0,-324.0,-369.0,-398.0,-339.0,-325.0,-353.0,-339.0,-368.0,-397.0,-339.0,-397.0,-368.0,-339.0,-368.0,-397.0,-412.0,-383.0,-339.0,-412.0,-339.0,-399.0,-353.0,-399.0,-384.0,-353.0,-354.0,-326.0,-310.0,-324.0,-326.0,-368.0,-310.0,-311.0
NO.251,2,-84.0,-70.0,-84.0,-84.0,-84.0,-84.0,-112.0,-98.0,-84.0,-112.0,-98.0,-84.0,-84.0,-84.0,-84.0,-84.0,-84.0,-84.0,-84.0,-84.0,-84.0,-84.0,-84.0,-84.0,-84.0,-84.0,-84.0,-84.0,-84.0,-70.0,-84.0,-84.0,-70.0,-84.0,-84.0,-70.0
NO.252,5,-171.0,-157.0,-171.0,-185.0,-185.0,-157.0,-227.0,-199.0,-185.0,-199.0,-171.0,-213.0,-199.0,-213.0,-171.0,-227.0,-185.0,-171.0,-171.0,-171.0,-171.0,-171.0,-171.0,-171.0,-171.0,-171.0,-156.0,-171.0,-156.0,-141.0,-171.0,-141.0,-156.0,-171.0,-156.0,-141.0
NO.253,7,-292.0,-312.0,-350.0,-283.0,-311.0,-349.0,-283.0,-301.0,-349.0,-274.0,-274.0,-292.0,-311.0,-273.0,-293.0,-301.0,-293.0,-283.0,-369.0,-349.0,-339.0,-349.0,-339.0,-330.0,-321.0,-330.0,-302.0,-301.0,-274.0,-274.0,-283.0,-263.0,-283.0,-264.0,-264.0,-273.0
NO.254,7,-297.0,-283.0,-339.0,-269.0,-311.0,-339.0,-339.0,-339.0,-339.0,-297.0,-339.0,-325.0,-325.0,-311.0,-325.0,-311.0,-311.0,-339.0,-339.0,-339.0,-339.0,-339.0,-339.0,-339.0,-339.0,-339.0,-311.0,-255.0,-283.0,-283.0,-269.0,-213.0,-283.0,-283.0,-241.0,-255.0
NO.255,7,-306.0,-297.0,-334.0,-273.0,-306.0,-341.0,-272.0,-288.0,-302.0,-264.0,-269.0,-277.0,-237.0,-237.0,-232.0,-237.0,-241.0,-255.0,-339.0,-339.0,-330.0,-339.0,-330.0,-317.0,-325.0,-311.0,-335.0,-259.0,-274.0,-241.0,-255.0,-212.0,-237.0,-255.0,-232.0,-226.0
NO.256,2,-84.0,-84.0,-84.0,-84.0,-84.0,-84.0,-84.0,-84.0,-84.0,-84.0,-84.0,-84.0,-84.0,-84.0,-84.0,-84.0,-84.0,-84.0,-84.0,-84.0,-84.0,-84.0,-84.0,-84.0,-84.0,-84.0,-84.0,-84.0,-84.0,-65.0,-84.0,-84.0,-65.0,-84.0,-84.0,-65.0
NO.257,4,-408.0,-395.0,-421.0,-397.0,-413.0,-423.0,-421.0,-426.0,-425.0,-439.0,-430.0,-427.0,-454.0,-450.0,-425.0,-452.0,-441.0,-430.0,-424.0,-416.0,-411.0,-416.0,-411.0,-411.0,-409.0,-406.0,-408.0,-386.0,-384.0,-379.0,-404.0,-356.0,-366.0,-402.0,-360.0,-369.0
NO.258,2,-108.0,-98.0,-107.0,-108.0,-91.0,-105.0,-110.0,-90.0,-115.0,-92.0,-92.0,-85.0,-84.0,-80.0,-69.0,-84.0,-84.0,-84.0,-141.0,-125.0,-106.0,-131.0,-102.0,-131.0,-94.0,-131.0,-132.0,-84.0,-99.0,-87.0,-78.0,-39.0,-81.0,-74.0,-66.0,-54.0
NO.259,5,-199.0,-171.0,-157.0,-206.0,-171.0,-178.0,-213.0,-206.0,-206.0,-163.0,-148.0,-184.0,-76.0,-112.0,-113.0,-91.0,-105.0,-119.0,-213.0,-171.0,-164.0,-178.0,-164.0,-192.0,-164.0,-192.0,-156.0,-148.0,-127.0,-92.0,-134.0,-83.0,-106.0,-119.0,-105.0,-84.0
NO.260,2,-84.0,-84.0,-84.0,-84.0,-84.0,-84.0,-84.0,-84.0,-84.0,-84.0,-84.0,-84.0,-84.0,-84.0,-84.0,-84.0,-84.0,-84.0,-84.0,-84.0,-84.0,-84.0,-84.0,-84.0,-84.0,-84.0,-84.0,-84.0,-84.0,-56.0,-84.0,-70.0,-42.0,-84.0,-56.0,-56.0
NO.261,1,-382.0,-339.0,-310.0,-383.0,-339.0,-339.0,-398.0,-440.0,-397.0,-398.0,-398.0,-412.0,-384.0,-384.0,-370.0,-384.0,-384.0,-384.0,-339.0,-339.0,-339.0,-339.0,-339.0,-339.0,-339.0,-339.0,-339.0,-368.0,-339.0,-339.0,-324.0,-339.0,-339.0,-354.0,-324.0,-339.0
NO.262,4,-418.0,-418.0,-422.0,-422.0,-426.0,-426.0,-426.0,-426.0,-426.0,-426.0,-422.0,-426.0,-426.0,-418.0,-414.0,-422.0,-418.0,-422.0,-422.0,-418.0,-398.0,-426.0,-393.0,-396.0,-397.0,-391.0,-381.0,-376.0,-343.0,-343.0,-334.0,-331.0,-343.0,-364.0,-318.0,-339.0
NO.263,1,-362.0,-329.0,-312.0,-363.0,-340.0,-329.0,-357.0,-363.0,-352.0,-339.0,-339.0,-339.0,-351.0,-351.0,-339.0,-351.0,-345.0,-339.0,-324.0,-324.0,-324.0,-324.0,-324.0,-329.0,-334.0,-329.0,-334.0,-334.0,-334.0,-344.0,-329.0,-329.0,-339.0,-334.0,-334.0,-329.0
NO.264,5,-171.0,-171.0,-171.0,-171.0,-171.0,-171.0,-171.0,-171.0,-171.0,-171.0,-180.0,-162.0,-171.0,-162.0,-171.0,-171.0,-171.0,-171.0,-171.0,-171.0,-171.0,-171.0,-171.0,-171.0,-171.0,-171.0,-161.0,-189.0,-171.0,-161.0,-180.0,-171.0,-161.0,-171.0,-171.0,-161.0
NO.265,0,-227.0,-255.0,-255.0,-254.0,-241.0,-255.0,-297.0,-241.0,-255.0,-341.0,-298.0,-269.0,-255.0,-255.0,-241.0,-255.0,-255.0,-255.0,-255.0,-255.0,-255.0,-255.0,-255.0,-255.0,-255.0,-255.0,-255.0,-269.0,-255.0,-255.0,-255.0,-255.0,-255.0,-255.0,-255.0,-255.0
NO.266,0,-267.0,-258.0,-261.0,-258.0,-249.0,-264.0,-258.0,-258.0,-261.0,-255.0,-271.0,-239.0,-255.0,-239.0,-246.0,-255.0,-255.0,-255.0,-282.0,-264.0,-255.0,-264.0,-255.0,-255.0,-236.0,-255.0,-249.0,-274.0,-232.0,-230.0,-251.0,-197.0,-230.0,-236.0,-220.0,-206.0
NO.267,0,-241.0,-213.0,-241.0,-227.0,-241.0,-255.0,-255.0,-255.0,-255.0,-227.0,-241.0,-227.0,-213.0,-185.0,-213.0,-213.0,-213.0,-213.0,-171.0,-255.0,-199.0,-227.0,-199.0,-185.0,-213.0,-185.0,-199.0,-185.0,-185.0,-170.0,-157.0,-157.0,-170.0,-185.0,-157.0,-156.0
NO.268,5,-165.0,-168.0,-173.0,-169.0,-169.0,-173.0,-173.0,-169.0,-169.0,-181.0,-175.0,-178.0,-181.0,-180.0,-166.0,-172.0,-176.0,-178.0,-185.0,-175.0,-173.0,-175.0,-168.0,-176.0,-161.0,-178.0,-178.0,-179.0,-164.0,-161.0,-160.0,-151.0,-161.0,-161.0,-153.0,-154.0
NO.269,5,-185.0,-171.0,-157.0,-199.0,-171.0,-171.0,-213.0,-213.0,-199.0,-199.0,-171.0,-213.0,-157.0,-185.0,-185.0,-171.0,-157.0,-171.0,-171.0,-141.0,-126.0,-141.0,-126.0,-126.0,-126.0,-126.0,-112.0,-141.0,-112.0,-98.0,-156.0,-83.0,-112.0,-141.0,-112.0,-98.0
NO.270,1,-349.0,-339.0,-378.0,-329.0,-340.0,-358.0,-349.0,-319.0,-330.0,-339.0,-339.0,-349.0,-339.0,-339.0,-329.0,-339.0,-339.0,-339.0,-366.0,-378.0,-349.0,-378.0,-349.0,-349.0,-349.0,-349.0,-359.0,-330.0,-340.0,-349.0,-339.0,-329.0,-349.0,-339.0,-339.0,-339.0
NO.271,1,-339.0,-339.0,-349.0,-367.0,-329.0,-349.0,-339.0,-339.0,-358.0,-283.0,-349.0,-319.0,-339.0,-301.0,-311.0,-339.0,-339.0,-339.0,-399.0,-339.0,-329.0,-349.0,-329.0,-369.0,-291.0,-369.0,-349.0,-414.0,-301.0,-358.0,-321.0,-310.0,-339.0,-320.0,-311.0,-301.0
NO.272,3,-10.0,-2.0,-16.0,-2.0,-14.0,-20.0,-10.0,-14.0,-14.0,2.0,-10.0,-21.0,0.0,-4.0,-1.0,0.0,-4.0,-8.0,-14.0,-16.0,-8.0,-14.0,-8.0,-8.0,-16.0,-6.0,-10.0,-25.0,-16.0,-4.0,-22.0,-8.0,-6.0,-14.0,-10.0,-10.0
NO.273,0,-311.0,-255.0,-209.0,-312.0,-322.0,-254.0,-289.0,-357.0,-311.0,-283.0,-277.0,-272.0,-345.0,-284.0,-260.0,-312.0,-316.0,-300.0,-184.0,-176.0,-193.0,-187.0,-204.0,-243.0,-233.0,-225.0,-231.0,-272.0,-260.0,-232.0,-255.0,-227.0,-233.0,-255.0,-239.0,-226.0
NO.274,2,-126.0,-126.0,-126.0,-126.0,-126.0,-112.0,-126.0,-126.0,-98.0,-112.0,-84.0,-126.0,-98.0,-112.0,-84.0,-112.0,-98.0,-84.0,-84.0,-126.0,-98.0,-126.0,-98.0,-84.0,-98.0,-84.0,-84.0,-98.0,-84.0,-84.0,-84.0,-84.0,-84.0,-84.0,-84.0,-84.0
NO.275,4,-378.0,-359.0,-320.0,-396.0,-359.0,-359.0,-407.0,-425.0,-416.0,-398.0,-416.0,-406.0,-426.0,-417.0,-407.0,-407.0,-436.0,-445.0,-396.0,-369.0,-387.0,-378.0,-387.0,-406.0,-379.0,-406.0,-397.0,-463.0,-387.0,-378.0,-395.0,-358.0,-397.0,-387.0,-348.0,-377.0
NO.276,1,-398.0,-397.0,-416.0,-425.0,-436.0,-426.0,-407.0,-425.0,-406.0,-358.0,-358.0,-368.0,-407.0,-359.0,-357.0,-388.0,-406.0,-368.0,-426.0,-426.0,-407.0,-416.0,-387.0,-359.0,-387.0,-378.0,-406.0,-368.0,-339.0,-320.0,-339.0,-330.0,-311.0,-339.0,-321.0,-320.0
NO.277,1,-396.0,-354.0,-397.0,-384.0,-397.0,-368.0,-368.0,-354.0,-397.0,-339.0,-339.0,-339.0,-339.0,-339.0,-339.0,-339.0,-339.0,-339.0,-411.0,-368.0,-339.0,-383.0,-339.0,-339.0,-354.0,-339.0,-325.0,-325.0,-311.0,-297.0,-339.0,-297.0,-297.0,-339.0,-297.0,-297.0
NO.278,0,-241.0,-248.0,-255.0,-255.0,-255.0,-255.0,-255.0,-255.0,-255.0,-255.0,-255.0,-255.0,-255.0,-255.0,-255.0,-255.0,-255.0,-255.0,-255.0,-255.0,-248.0,-255.0,-248.0,-234.0,-248.0,-234.0,-248.0,-234.0,-220.0,-206.0,-262.0,-220.0,-213.0,-255.0,-227.0,-220.0
NO.279,4,-436.0,-425.0,-429.0,-426.0,-425.0,-430.0,-435.0,-429.0,-438.0,-456.0,-450.0,-411.0,-481.0,-432.0,-432.0,-457.0,-485.0,-443.0,-447.0,-447.0,-447.0,-447.0,-447.0,-447.0,-429.0,-437.0,-447.0,-467.0,-429.0,-425.0,-451.0,-411.0,-433.0,-426.0,-430.0,-422.0
NO.280,4,-489.0,-496.0,-510.0,-517.0,-510.0,-510.0,-468.0,-531.0,-503.0,-461.0,-447.0,-447.0,-503.0,-454.0,-454.0,-475.0,-489.0,-475.0,-510.0,-510.0,-510.0,-510.0,-510.0,-510.0,-503.0,-517.0,-496.0,-440.0,-454.0,-454.0,-440.0,-398.0,-454.0,-426.0,-426.0,-426.0
NO.281,4,-468.0,-426.0,-440.0,-440.0,-468.0,-440.0,-440.0,-468.0,-426.0,-412.0,-412.0,-398.0,-426.0,-384.0,-384.0,-398.0,-426.0,-398.0,-339.0,-398.0,-340.0,-369.0,-340.0,-354.0,-354.0,-340.0,-342.0,-397.0,-369.0,-369.0,-398.0,-369.0,-354.0,-369.0,-339.0,-384.0
NO.282,1,-359.0,-339.0,-329.0,-349.0,-349.0,-339.0,-349.0,-349.0,-359.0,-349.0,-359.0,-349.0,-379.0,-379.0,-349.0,-369.0,-369.0,-369.0,-312.0,-339.0,-330.0,-330.0,-330.0,-349.0,-339.0,-340.0,-332.0,-339.0,-359.0,-339.0,-369.0,-339.0,-349.0,-369.0,-359.0,-349.0
NO.283,0,-255.0,-264.0,-273.0,-255.0,-264.0,-273.0,-255.0,-255.0,-264.0,-255.0,-255.0,-264.0,-255.0,-255.0,-246.0,-255.0,-255.0,-255.0,-282.0,-273.0,-255.0,-273.0,-255.0,-282.0,-264.0,-282.0,-264.0,-264.0,-255.0,-246.0,-255.0,-246.0,-237.0,-255.0,-237.0,-246.0
NO.284,1,-453.0,-426.0,-368.0,-425.0,-387.0,-358.0,-377.0,-358.0,-406.0,-388.0,-387.0,-310.0,-407.0,-359.0,-330.0,-397.0,-378.0,-359.0,-339.0,-339.0,-339.0,-339.0,-339.0,-339.0,-301.0,-339.0,-330.0,-425.0,-321.0,-330.0,-359.0,-303.0,-330.0,-330.0,-321.0,-303.0
NO.285,1,-341.0,-325.0,-339.0,-354.0,-339.0,-354.0,-369.0,-369.0,-339.0,-339.0,-339.0,-339.0,-311.0,-311.0,-339.0,-311.0,-325.0,-339.0,-384.0,-354.0,-339.0,-354.0,-339.0,-325.0,-325.0,-311.0,-297.0,-311.0,-283.0,-269.0,-325.0,-255.0,-283.0,-311.0,-283.0,-269.0
NO.286,4,-472.0,-482.0,-501.0,-520.0,-510.0,-510.0,-501.0,-519.0,-510.0,-472.0,-491.0,-510.0,-510.0,-510.0,-510.0,-510.0,-510.0,-510.0,-510.0,-510.0,-510.0,-510.0,-510.0,-510.0,-510.0,-510.0,-510.0,-510.0,-510.0,-491.0,-510.0,-501.0,-482.0,-510.0,-492.0,-491.0
NO.287,4,-453.0,-447.0,-426.0,-461.0,-440.0,-425.0,-432.0,-442.0,-432.0,-429.0,-418.0,-422.0,-481.0,-457.0,-419.0,-463.0,-450.0,-451.0,-395.0,-401.0,-373.0,-400.0,-376.0,-402.0,-390.0,-395.0,-413.0,-393.0,-411.0,-429.0,-386.0,-382.0,-415.0,-408.0,-383.0,-400.0
NO.288,7,-237.0,-246.0,-255.0,-244.0,-261.0,-255.0,-239.0,-262.0,-255.0,-229.0,-242.0,-264.0,-267.0,-267.0,-246.0,-267.0,-261.0,-255.0,-258.0,-261.0,-267.0,-261.0,-267.0,-289.0,-264.0,-295.0,-306.0,-273.0,-292.0,-310.0,-266.0,-268.0,-280.0,-261.0,-251.0,-270.0
NO.289,1,-311.0,-311.0,-325.0,-325.0,-339.0,-339.0,-339.0,-339.0,-339.0,-339.0,-339.0,-339.0,-283.0,-283.0,-339.0,-283.0,-311.0,-339.0,-297.0,-339.0,-325.0,-325.0,-325.0,-339.0,-325.0,-339.0,-297.0,-311.0,-311.0,-339.0,-339.0,-339.0,-339.0,-339.0,-339.0,-339.0
NO.290,0,-255.0,-255.0,-255.0,-255.0,-255.0,-255.0,-255.0,-255.0,-255.0,-255.0,-255.0,-255.0,-255.0,-255.0,-255.0,-255.0,-255.0,-255.0,-255.0,-255.0,-255.0,-255.0,-255.0,-255.0,-255.0,-255.0,-241.0,-255.0,-241.0,-227.0,-255.0,-227.0,-241.0,-255.0,-241.0,-227.0
NO.291,2,-114.0,-90.0,-114.0,-84.0,-120.0,-120.0,-96.0,-96.0,-120.0,-84.0,-90.0,-78.0,-84.0,-78.0,-67.0,-84.0,-84.0,-84.0,-135.0,-115.0,-115.0,-120.0,-115.0,-140.0,-104.0,-146.0,-129.0,-119.0,-101.0,-113.0,-95.0,-73.0,-113.0,-84.0,-84.0,-84.0
NO.292,5,-171.0,-171.0,-185.0,-171.0,-157.0,-185.0,-171.0,-171.0,-157.0,-127.0,-99.0,-156.0,-98.0,-126.0,-69.0,-112.0,-98.0,-84.0,-213.0,-199.0,-171.0,-213.0,-171.0,-213.0,-171.0,-213.0,-156.0,-84.0,-113.0,-113.0,-84.0,-55.0,-113.0,-84.0,-84.0,-84.0
NO.293,5,-213.0,-171.0,-227.0,-199.0,-227.0,-255.0,-269.0,-241.0,-241.0,-226.0,-212.0,-200.0,-83.0,-114.0,-171.0,-98.0,-127.0,-156.0,-255.0,-255.0,-241.0,-255.0,-241.0,-199.0,-241.0,-199.0,-213.0,-185.0,-156.0,-171.0,-111.0,-141.0,-141.0,-141.0,-96.0,-141.0
NO.294,5,-156.0,-163.0,-170.0,-165.0,-170.0,-170.0,-172.0,-170.0,-168.0,-173.0,-172.0,-171.0,-173.0,-173.0,-170.0,-173.0,-172.0,-171.0,-167.0,-166.0,-160.0,-165.0,-160.0,-165.0,-160.0,-165.0,-160.0,-161.0,-158.0,-148.0,-167.0,-149.0,-149.0,-166.0,-156.0,-143.0
NO.295,1,-337.0,-338.0,-339.0,-340.0,-339.0,-339.0,-336.0,-342.0,-349.0,-337.0,-347.0,-327.0,-339.0,-321.0,-319.0,-338.0,-335.0,-334.0,-339.0,-339.0,-339.0,-339.0,-339.0,-336.0,-325.0,-338.0,-329.0,-356.0,-312.0,-309.0,-337.0,-306.0,-309.0,-323.0,-305.0,-308.0
NO.296,4,-411.0,-349.0,-402.0,-364.0,-416.0,-426.0,-382.0,-431.0,-435.0,-368.0,-391.0,-406.0,-411.0,-397.0,-383.0,-411.0,-416.0,-401.0,-426.0,-426.0,-426.0,-426.0,-426.0,-426.0,-412.0,-426.0,-407.0,-457.0,-388.0,-377.0,-404.0,-354.0,-387.0,-383.0,-365.0,-364.0
NO.297,4,-430.0,-415.0,-415.0,-443.0,-429.0,-415.0,-425.0,-435.0,-426.0,-390.0,-386.0,-374.0,-437.0,-393.0,-381.0,-415.0,-403.0,-393.0,-439.0,-424.0,-411.0,-424.0,-411.0,-422.0,-411.0,-422.0,-401.0,-351.0,-372.0,-365.0,-361.0,-303.0,-365.0,-353.0,-346.0,-329.0
NO.298,4,-515.0,-508.0,-510.0,-522.0,-514.0,-510.0,-484.0,-508.0,-501.0,-453.0,-471.0,-480.0,-477.0,-488.0,-473.0,-473.0,-484.0,-487.0,-510.0,-510.0,-510.0,-510.0,-510.0,-510.0,-506.0,-510.0,-510.0,-499.0,-496.0,-496.0,-486.0,-486.0,-478.0,-484.0,-473.0,-482.0
NO.299,4,-426.0,-435.0,-450.0,-426.0,-438.0,-438.0,-426.0,-423.0,-429.0,-426.0,-429.0,-426.0,-426.0,-423.0,-420.0,-426.0,-426.0,-426.0,-435.0,-432.0,-441.0,-432.0,-441.0,-432.0,-435.0,-429.0,-416.0,-431.0,-409.0,-394.0,-429.0,-406.0,-404.0,-426.0,-416.0,-400.0
NO.300,4,-454.0,-463.0,-491.0,-491.0,-510.0,-501.0,-510.0,-510.0,-501.0,-510.0,-473.0,-473.0,-491.0,-444.0,-426.0,-472.0,-491.0,-454.0,-491.0,-472.0,-482.0,-453.0,-501.0,-445.0,-482.0,-445.0,-453.0,-501.0,-407.0,-426.0,-454.0,-426.0,-426.0,-426.0,-426.0,-426.0
NO.301,4,-452.0,-434.0,-439.0,-448.0,-455.0,-448.0,-442.0,-458.0,-454.0,-404.0,-416.0,-428.0,-421.0,-411.0,-407.0,-419.0,-421.0,-413.0,-436.0,-440.0,-436.0,-436.0,-438.0,-430.0,-439.0,-427.0,-439.0,-396.0,-401.0,-407.0,-415.0,-400.0,-399.0,-411.0,-401.0,-402.0
NO.302,1,-337.0,-322.0,-336.0,-340.0,-343.0,-351.0,-356.0,-352.0,-360.0,-351.0,-357.0,-339.0,-375.0,-359.0,-326.0,-375.0,-360.0,-339.0,-347.0,-356.0,-339.0,-353.0,-339.0,-335.0,-331.0,-335.0,-344.0,-363.0,-324.0,-325.0,-351.0,-330.0,-329.0,-339.0,-335.0,-327.0
NO.303,4,-412.0,-403.0,-419.0,-421.0,-424.0,-428.0,-414.0,-426.0,-436.0,-400.0,-429.0,-417.0,-425.0,-408.0,-410.0,-424.0,-425.0,-430.0,-417.0,-428.0,-414.0,-426.0,-416.0,-409.0,-405.0,-409.0,-423.0,-443.0,-405.0,-407.0,-399.0,-389.0,-405.0,-406.0,-384.0,-395.0
NO.304,1,-339.0,-339.0,-339.0,-339.0,-339.0,-339.0,-339.0,-339.0,-339.0,-339.0,-339.0,-339.0,-359.0,-349.0,-339.0,-359.0,-349.0,-339.0,-339.0,-339.0,-339.0,-339.0,-339.0,-339.0,-339.0,-339.0,-339.0,-339.0,-339.0,-330.0,-339.0,-339.0,-330.0,-339.0,-339.0,-330.0
NO.305,1,-339.0,-349.0,-388.0,-329.0,-345.0,-363.0,-339.0,-334.0,-325.0,-339.0,-339.0,-344.0,-339.0,-339.0,-334.0,-339.0,-334.0,-339.0,-381.0,-353.0,-370.0,-348.0,-365.0,-337.0,-365.0,-337.0,-329.0,-321.0,-307.0,-308.0,-343.0,-321.0,-317.0,-339.0,-330.0,-316.0
NO.306,7,-339.0,-255.0,-311.0,-262.0,-332.0,-339.0,-304.0,-332.0,-382.0,-241.0,-340.0,-220.0,-255.0,-163.0,-198.0,-255.0,-248.0,-255.0,-311.0,-325.0,-311.0,-325.0,-311.0,-325.0,-240.0,-311.0,-318.0,-454.0,-297.0,-311.0,-340.0,-248.0,-290.0,-255.0,-255.0,-283.0
NO.307,5,-222.0,-198.0,-174.0,-204.0,-204.0,-186.0,-198.0,-198.0,-210.0,-215.0,-244.0,-214.0,-238.0,-226.0,-221.0,-227.0,-221.0,-249.0,-176.0,-175.0,-159.0,-180.0,-164.0,-206.0,-175.0,-205.0,-205.0,-163.0,-193.0,-215.0,-209.0,-157.0,-221.0,-232.0,-221.0,-175.0
NO.308,5,-171.0,-171.0,-171.0,-162.0,-171.0,-171.0,-171.0,-180.0,-180.0,-198.0,-198.0,-198.0,-198.0,-198.0,-207.0,-198.0,-198.0,-198.0,-171.0,-171.0,-171.0,-171.0,-171.0,-171.0,-171.0,-171.0,-171.0,-171.0,-171.0,-142.0,-162.0,-161.0,-132.0,-180.0,-142.0,-152.0
NO.309,0,-255.0,-264.0,-255.0,-246.0,-246.0,-273.0,-264.0,-246.0,-246.0,-273.0,-273.0,-283.0,-274.0,-273.0,-235.0,-293.0,-255.0,-273.0,-264.0,-273.0,-246.0,-273.0,-246.0,-255.0,-255.0,-273.0,-273.0,-274.0,-255.0,-255.0,-246.0,-255.0,-255.0,-264.0,-246.0,-255.0
NO.310,1,-311.0,-269.0,-325.0,-283.0,-311.0,-339.0,-339.0,-339.0,-368.0,-339.0,-368.0,-338.0,-339.0,-310.0,-283.0,-339.0,-339.0,-339.0,-311.0,-283.0,-283.0,-311.0,-297.0,-325.0,-310.0,-339.0,-339.0,-453.0,-339.0,-339.0,-340.0,-297.0,-311.0,-311.0,-269.0,-325.0
NO.311,7,-332.0,-311.0,-290.0,-332.0,-346.0,-318.0,-339.0,-353.0,-325.0,-339.0,-339.0,-339.0,-339.0,-339.0,-346.0,-339.0,-339.0,-339.0,-248.0,-255.0,-255.0,-255.0,-255.0,-276.0,-276.0,-262.0,-304.0,-255.0,-276.0,-283.0,-227.0,-234.0,-283.0,-283.0,-227.0,-255.0
NO.312,1,-282.0,-283.0,-325.0,-311.0,-325.0,-339.0,-369.0,-324.0,-339.0,-355.0,-340.0,-353.0,-297.0,-325.0,-325.0,-325.0,-311.0,-325.0,-339.0,-339.0,-339.0,-339.0,-339.0,-339.0,-339.0,-339.0,-325.0,-297.0,-283.0,-283.0,-297.0,-255.0,-297.0,-311.0,-269.0,-269.0
NO.313,1,-318.0,-304.0,-325.0,-318.0,-332.0,-339.0,-339.0,-339.0,-339.0,-332.0,-332.0,-346.0,-318.0,-332.0,-332.0,-332.0,-325.0,-332.0,-339.0,-339.0,-332.0,-339.0,-332.0,-318.0,-325.0,-311.0,-339.0,-297.0,-304.0,-297.0,-297.0,-283.0,-297.0,-311.0,-290.0,-290.0
NO.314,1,-303.0,-311.0,-339.0,-323.0,-339.0,-339.0,-339.0,-339.0,-339.0,-339.0,-343.0,-351.0,-339.0,-347.0,-343.0,-339.0,-343.0,-347.0,-335.0,-303.0,-327.0,-323.0,-327.0,-339.0,-339.0,-339.0,-339.0,-343.0,-339.0,-339.0,-335.0,-339.0,-339.0,-343.0,-335.0,-339.0
NO.315,0,-210.0,-188.0,-221.0,-216.0,-226.0,-237.0,-249.0,-237.0,-249.0,-261.0,-255.0,-243.0,-255.0,-255.0,-249.0,-255.0,-249.0,-255.0,-255.0,-255.0,-255.0,-255.0,-255.0,-255.0,-255.0,-255.0,-244.0,-238.0,-227.0,-226.0,-227.0,-181.0,-226.0,-232.0,-215.0,-187.0
NO.316,0,-283.0,-269.0,-241.0,-269.0,-269.0,-297.0,-283.0,-311.0,-269.0,-241.0,-269.0,-255.0,-255.0,-241.0,-269.0,-255.0,-255.0,-255.0,-255.0,-269.0,-297.0,-255.0,-283.0,-269.0,-255.0,-255.0,-269.0,-255.0,-255.0,-241.0,-255.0,-255.0,-241.0,-255.0,-255.0,-241.0
NO.317,1,-342.0,-333.0,-342.0,-342.0,-342.0,-336.0,-348.0,-339.0,-348.0,-345.0,-345.0,-353.0,-373.0,-355.0,-322.0,-373.0,-362.0,-339.0,-335.0,-332.0,-351.0,-335.0,-343.0,-329.0,-339.0,-320.0,-321.0,-339.0,-337.0,-353.0,-314.0,-300.0,-343.0,-325.0,-315.0,-312.0
NO.318,7,-255.0,-217.0,-255.0,-255.0,-255.0,-217.0,-255.0,-255.0,-255.0,-255.0,-255.0,-255.0,-273.0,-264.0,-255.0,-273.0,-264.0,-255.0,-350.0,-435.0,-446.0,-350.0,-398.0,-321.0,-255.0,-264.0,-283.0,-246.0,-246.0,-255.0,-237.0,-237.0,-246.0,-246.0,-246.0,-228.0
NO.319,5,-171.0,-171.0,-171.0,-171.0,-171.0,-171.0,-171.0,-171.0,-171.0,-171.0,-171.0,-171.0,-171.0,-171.0,-171.0,-171.0,-171.0,-171.0,-171.0,-171.0,-171.0,-171.0,-171.0,-171.0,-171.0,-171.0,-171.0,-171.0,-171.0,-156.0,-171.0,-171.0,-156.0,-171.0,-171.0,-156.0
NO.320,0,-227.0,-227.0,-241.0,-255.0,-255.0,-255.0,-255.0,-255.0,-255.0,-227.0,-241.0,-255.0,-255.0,-255.0,-255.0,-255.0,-255.0,-255.0,-255.0,-255.0,-255.0,-255.0,-255.0,-255.0,-255.0,-255.0,-255.0,-227.0,-227.0,-227.0,-213.0,-199.0,-227.0,-227.0,-199.0,-213.0
NO.321,0,-254.0,-260.0,-274.0,-258.0,-254.0,-275.0,-258.0,-264.0,-261.0,-255.0,-268.0,-244.0,-255.0,-242.0,-240.0,-255.0,-255.0,-255.0,-265.0,-230.0,-253.0,-247.0,-250.0,-283.0,-237.0,-283.0,-280.0,-257.0,-232.0,-262.0,-249.0,-223.0,-255.0,-242.0,-232.0,-238.0
NO.322,2,-226.0,-310.0,-184.0,-225.0,-198.0,-155.0,-126.0,-126.0,-126.0,-126.0,-126.0,-126.0,-126.0,-126.0,-126.0,-126.0,-126.0,-126.0,-70.0,-98.0,-126.0,-98.0,-112.0,-98.0,-98.0,-84.0,-98.0,-98.0,-84.0,-84.0,-70.0,-84.0,-84.0,-98.0,-70.0,-84.0
NO.323,2,-93.0,-103.0,-87.0,-93.0,-86.0,-98.0,-87.0,-84.0,-103.0,-87.0,-113.0,-76.0,-107.0,-72.0,-56.0,-101.0,-97.0,-87.0,-84.0,-99.0,-114.0,-84.0,-105.0,-99.0,-62.0,-87.0,-99.0,-167.0,-84.0,-77.0,-110.0,-82.0,-75.0,-84.0,-80.0,-77.0
NO.324,5,-113.0,-113.0,-152.0,-142.0,-161.0,-161.0,-171.0,-171.0,-161.0,-151.0,-161.0,-171.0,-171.0,-171.0,-171.0,-171.0,-171.0,-171.0,-244.0,-209.0,-125.0,-199.0,-153.0,-215.0,-142.0,-253.0,-209.0,-84.0,-113.0,-113.0,-85.0,-45.0,-113.0,-123.0,-75.0,-74.0
NO.325,2,-84.0,-70.0,-84.0,-98.0,-112.0,-98.0,-140.0,-126.0,-112.0,-126.0,-126.0,-126.0,-126.0,-126.0,-126.0,-126.0,-126.0,-126.0,-84.0,-84.0,-84.0,-84.0,-84.0,-84.0,-84.0,-84.0,-84.0,-98.0,-84.0,-56.0,-70.0,-70.0,-42.0,-98.0,-42.0,-56.0
NO.326,5,-119.0,-79.0,-94.0,-118.0,-131.0,-118.0,-165.0,-167.0,-162.0,-147.0,-159.0,-171.0,-171.0,-171.0,-171.0,-171.0,-171.0,-171.0,-134.0,-144.0,-129.0,-132.0,-132.0,-132.0,-128.0,-138.0,-135.0,-139.0,-131.0,-139.0,-131.0,-70.0,-127.0,-133.0,-95.0,-91.0
NO.327,3,-3.0,-1.0,0.0,2.0,-2.0,-8.0,-11.0,2.0,-7.0,-21.0,-11.0,-5.0,-7.0,-5.0,8.0,-7.0,1.0,0.0,-2.0,-7.0,-13.0,-5.0,-9.0,-4.0,-11.0,-7.0,0.0,-8.0,-12.0,-13.0,1.0,7.0,-13.0,0.0,0.0,0.0
NO.328,3,-7.0,-6.0,2.0,-9.0,-3.0,-10.0,-17.0,-8.0,-17.0,-11.0,-13.0,-3.0,-3.0,2.0,3.0,-3.0,-2.0,-2.0,1.0,-2.0,0.0,-4.0,-3.0,0.0,-9.0,0.0,-3.0,-22.0,-11.0,-7.0,-11.0,-6.0,-9.0,-5.0,-3.0,-9.0
NO.329,2,-122.0,-120.0,-107.0,-126.0,-131.0,-138.0,-132.0,-136.0,-140.0,-97.0,-95.0,-96.0,-70.0,-81.0,-75.0,-66.0,-71.0,-78.0,-57.0,-7.0,-49.0,-51.0,-54.0,-73.0,-124.0,-75.0,-78.0,-84.0,-66.0,-61.0,-81.0,-54.0,-58.0,-75.0,-57.0,-52.0
NO.330,3,-56.0,-14.0,0.0,-42.0,-42.0,-28.0,-42.0,-56.0,-14.0,-56.0,-70.0,-56.0,-70.0,-70.0,-84.0,-56.0,-70.0,-84.0,0.0,0.0,0.0,0.0,0.0,0.0,0.0,0.0,0.0,14.0,0.0,0.0,0.0,14.0,0.0,-42.0,0.0,14.0
NO.331,5,-185.0,-178.0,-164.0,-178.0,-171.0,-192.0,-178.0,-178.0,-185.0,-171.0,-171.0,-171.0,-171.0,-171.0,-164.0,-171.0,-171.0,-171.0,-178.0,-199.0,-192.0,-178.0,-185.0,-199.0,-164.0,-185.0,-199.0,-171.0,-149.0,-120.0,-178.0,-141.0,-135.0,-171.0,-156.0,-134.0
NO.332,0,-255.0,-199.0,-227.0,-185.0,-241.0,-255.0,-213.0,-269.0,-255.0,-171.0,-199.0,-199.0,-213.0,-157.0,-185.0,-199.0,-185.0,-199.0,-213.0,-185.0,-213.0,-213.0,-213.0,-241.0,-241.0,-269.0,-255.0,-241.0,-227.0,-199.0,-199.0,-185.0,-213.0,-185.0,-185.0,-199.0
NO.333,0,-238.0,-248.0,-272.0,-263.0,-259.0,-263.0,-255.0,-259.0,-267.0,-237.0,-248.0,-251.0,-281.0,-269.0,-259.0,-273.0,-274.0,-259.0,-236.0,-196.0,-238.0,-227.0,-238.0,-243.0,-259.0,-243.0,-251.0,-208.0,-195.0,-227.0,-209.0,-152.0,-216.0,-226.0,-191.0,-160.0
NO.334,1,-339.0,-339.0,-367.0,-339.0,-339.0,-339.0,-339.0,-339.0,-339.0,-339.0,-339.0,-339.0,-383.0,-383.0,-339.0,-383.0,-361.0,-339.0,-325.0,-269.0,-276.0,-325.0,-290.0,-311.0,-339.0,-332.0,-325.0,-311.0,-297.0,-339.0,-283.0,-248.0,-318.0,-290.0,-262.0,-276.0
NO.335,1,-368.0,-412.0,-412.0,-412.0,-426.0,-426.0,-426.0,-426.0,-426.0,-426.0,-397.0,-368.0,-426.0,-368.0,-368.0,-412.0,-383.0,-382.0,-339.0,-310.0,-339.0,-339.0,-339.0,-339.0,-397.0,-368.0,-339.0,-368.0,-339.0,-339.0,-339.0,-339.0,-339.0,-339.0,-339.0,-339.0
NO.336,1,-327.0,-316.0,-283.0,-344.0,-331.0,-307.0,-339.0,-354.0,-344.0,-369.0,-354.0,-349.0,-402.0,-363.0,-344.0,-377.0,-377.0,-359.0,-270.0,-312.0,-289.0,-288.0,-289.0,-255.0,-301.0,-251.0,-251.0,-340.0,-330.0,-335.0,-339.0,-335.0,-331.0,-339.0,-331.0,-335.0
NO.337,7,-302.0,-255.0,-245.0,-274.0,-274.0,-291.0,-293.0,-339.0,-275.0,-246.0,-255.0,-273.0,-273.0,-254.0,-255.0,-273.0,-264.0,-255.0,-255.0,-292.0,-321.0,-255.0,-302.0,-292.0,-255.0,-255.0,-283.0,-274.0,-255.0,-255.0,-255.0,-255.0,-255.0,-255.0,-255.0,-255.0
NO.338,7,-317.0,-278.0,-301.0,-277.0,-313.0,-317.0,-322.0,-316.0,-289.0,-283.0,-255.0,-288.0,-306.0,-294.0,-255.0,-305.0,-300.0,-261.0,-296.0,-267.0,-289.0,-295.0,-295.0,-318.0,-334.0,-313.0,-330.0,-255.0,-283.0,-289.0,-255.0,-227.0,-289.0,-255.0,-255.0,-255.0
NO.339,0,-255.0,-257.0,-249.0,-261.0,-259.0,-253.0,-261.0,-261.0,-261.0,-271.0,-257.0,-261.0,-269.0,-262.0,-267.0,-262.0,-271.0,-262.0,-243.0,-253.0,-243.0,-250.0,-243.0,-236.0,-240.0,-236.0,-241.0,-226.0,-229.0,-231.0,-248.0,-221.0,-228.0,-248.0,-231.0,-226.0
NO.340,1,-318.0,-304.0,-325.0,-318.0,-332.0,-339.0,-339.0,-339.0,-339.0,-346.0,-346.0,-332.0,-360.0,-339.0,-346.0,-346.0,-345.0,-346.0,-339.0,-339.0,-339.0,-339.0,-339.0,-339.0,-339.0,-339.0,-339.0,-332.0,-332.0,-332.0,-339.0,-339.0,-332.0,-339.0,-339.0,-332.0
NO.341,7,-264.0,-258.0,-264.0,-255.0,-258.0,-264.0,-261.0,-258.0,-258.0,-261.0,-261.0,-252.0,-293.0,-281.0,-242.0,-290.0,-280.0,-258.0,-276.0,-270.0,-261.0,-273.0,-267.0,-276.0,-261.0,-270.0,-288.0,-277.0,-264.0,-283.0,-261.0,-246.0,-283.0,-255.0,-255.0,-261.0
NO.342,5,-171.0,-171.0,-171.0,-157.0,-171.0,-171.0,-171.0,-185.0,-185.0,-185.0,-213.0,-213.0,-171.0,-185.0,-213.0,-171.0,-171.0,-199.0,-171.0,-185.0,-213.0,-171.0,-199.0,-185.0,-171.0,-171.0,-185.0,-156.0,-156.0,-142.0,-157.0,-171.0,-142.0,-185.0,-157.0,-156.0
NO.343,0,-213.0,-185.0,-241.0,-199.0,-227.0,-255.0,-255.0,-255.0,-255.0,-255.0,-255.0,-255.0,-255.0,-255.0,-255.0,-255.0,-255.0,-255.0,-241.0,-269.0,-255.0,-255.0,-255.0,-255.0,-255.0,-227.0,-255.0,-157.0,-227.0,-255.0,-171.0,-171.0,-213.0,-213.0,-171.0,-213.0
NO.344,5,-171.0,-199.0,-171.0,-171.0,-171.0,-199.0,-171.0,-157.0,-185.0,-171.0,-171.0,-185.0,-199.0,-199.0,-157.0,-199.0,-185.0,-171.0,-171.0,-269.0,-227.0,-213.0,-213.0,-227.0,-171.0,-199.0,-227.0,-171.0,-185.0,-185.0,-171.0,-157.0,-185.0,-171.0,-171.0,-171.0
NO.345,0,-209.0,-195.0,-240.0,-226.0,-242.0,-236.0,-252.0,-240.0,-226.0,-237.0,-208.0,-218.0,-233.0,-223.0,-214.0,-217.0,-240.0,-217.0,-217.0,-197.0,-210.0,-223.0,-210.0,-210.0,-230.0,-224.0,-219.0,-181.0,-192.0,-207.0,-162.0,-162.0,-195.0,-180.0,-156.0,-186.0
NO.346,5,-171.0,-171.0,-171.0,-164.0,-171.0,-171.0,-171.0,-171.0,-171.0,-185.0,-178.0,-171.0,-171.0,-171.0,-171.0,-171.0,-171.0,-171.0,-156.0,-186.0,-171.0,-171.0,-171.0,-171.0,-171.0,-141.0,-171.0,-120.0,-121.0,-91.0,-179.0,-84.0,-113.0,-157.0,-128.0,-106.0
NO.347,5,-171.0,-181.0,-171.0,-171.0,-161.0,-191.0,-171.0,-171.0,-168.0,-152.0,-171.0,-153.0,-167.0,-145.0,-132.0,-170.0,-160.0,-150.0,-191.0,-203.0,-183.0,-199.0,-190.0,-209.0,-160.0,-209.0,-226.0,-205.0,-135.0,-182.0,-123.0,-114.0,-160.0,-128.0,-116.0,-114.0
NO.348,0,-209.0,-189.0,-218.0,-218.0,-218.0,-227.0,-246.0,-255.0,-217.0,-179.0,-189.0,-218.0,-227.0,-199.0,-170.0,-218.0,-208.0,-180.0,-237.0,-264.0,-264.0,-256.0,-255.0,-237.0,-199.0,-228.0,-256.0,-208.0,-180.0,-180.0,-207.0,-180.0,-189.0,-189.0,-198.0,-180.0
NO.349,0,-227.0,-51.0,-297.0,-199.0,-213.0,-128.0,-241.0,-241.0,-255.0,-220.0,-234.0,-171.0,-241.0,-171.0,-156.0,-234.0,-206.0,-192.0,-517.0,-469.0,-665.0,-419.0,-538.0,-382.0,-220.0,-255.0,-269.0,-256.0,-199.0,-220.0,-206.0,-157.0,-206.0,-171.0,-164.0,-185.0
NO.350,7,-255.0,-85.0,-397.0,-255.0,-255.0,-113.0,-255.0,-255.0,-255.0,-255.0,-241.0,-227.0,-255.0,-227.0,-227.0,-241.0,-227.0,-241.0,-595.0,-397.0,-751.0,-425.0,-581.0,-397.0,-255.0,-255.0,-241.0,-171.0,-213.0,-241.0,-157.0,-157.0,-213.0,-185.0,-143.0,-213.0
NO.351,0,-220.0,-114.0,-277.0,-227.0,-248.0,-177.0,-255.0,-255.0,-255.0,-234.0,-234.0,-234.0,-206.0,-206.0,-220.0,-213.0,-213.0,-213.0,-404.0,-424.0,-552.0,-347.0,-446.0,-298.0,-213.0,-164.0,-178.0,-178.0,-192.0,-192.0,-157.0,-150.0,-192.0,-185.0,-157.0,-171.0
NO.352,5,-137.0,-143.0,-159.0,-165.0,-171.0,-171.0,-171.0,-171.0,-171.0,-171.0,-171.0,-171.0,-171.0,-171.0,-171.0,-171.0,-171.0,-171.0,-181.0,-194.0,-192.0,-182.0,-187.0,-176.0,-171.0,-171.0,-171.0,-154.0,-131.0,-119.0,-171.0,-125.0,-142.0,-171.0,-148.0,-119.0
NO.353,0,-259.0,-266.0,-255.0,-263.0,-252.0,-272.0,-263.0,-255.0,-274.0,-259.0,-259.0,-265.0,-269.0,-265.0,-234.0,-269.0,-262.0,-255.0,-259.0,-277.0,-297.0,-263.0,-287.0,-277.0,-259.0,-267.0,-285.0,-273.0,-248.0,-240.0,-263.0,-243.0,-244.0,-255.0,-251.0,-244.0
NO.354,0,-255.0,-255.0,-255.0,-255.0,-255.0,-255.0,-255.0,-255.0,-255.0,-255.0,-255.0,-255.0,-255.0,-255.0,-255.0,-255.0,-255.0,-255.0,-255.0,-255.0,-255.0,-255.0,-255.0,-255.0,-255.0,-255.0,-255.0,-246.0,-246.0,-246.0,-255.0,-255.0,-246.0,-255.0,-255.0,-246.0
NO.355,0,-255.0,-255.0,-252.0,-255.0,-252.0,-258.0,-255.0,-255.0,-261.0,-255.0,-261.0,-252.0,-255.0,-249.0,-242.0,-255.0,-252.0,-255.0,-273.0,-308.0,-295.0,-279.0,-292.0,-296.0,-255.0,-274.0,-308.0,-280.0,-252.0,-252.0,-258.0,-246.0,-252.0,-252.0,-246.0,-246.0
NO.356,7,-296.0,-294.0,-306.0,-288.0,-289.0,-322.0,-294.0,-288.0,-301.0,-306.0,-283.0,-266.0,-323.0,-277.0,-277.0,-300.0,-318.0,-278.0,-289.0,-310.0,-278.0,-305.0,-283.0,-301.0,-282.0,-301.0,-317.0,-255.0,-278.0,-301.0,-255.0,-232.0,-278.0,-255.0,-255.0,-232.0
NO.357,0,-255.0,-255.0,-255.0,-255.0,-255.0,-255.0,-255.0,-255.0,-255.0,-255.0,-255.0,-255.0,-255.0,-246.0,-255.0,-255.0,-255.0,-255.0,-255.0,-264.0,-282.0,-255.0,-273.0,-264.0,-255.0,-255.0,-264.0,-218.0,-227.0,-246.0,-246.0,-210.0,-237.0,-246.0,-237.0,-210.0
NO.358,1,-353.0,-339.0,-346.0,-332.0,-346.0,-346.0,-346.0,-368.0,-354.0,-331.0,-353.0,-355.0,-332.0,-318.0,-332.0,-325.0,-332.0,-339.0,-360.0,-383.0,-368.0,-360.0,-368.0,-376.0,-354.0,-331.0,-375.0,-325.0,-325.0,-325.0,-318.0,-311.0,-325.0,-325.0,-311.0,-311.0
NO.359,7,-311.0,-283.0,-311.0,-269.0,-325.0,-325.0,-311.0,-339.0,-368.0,-283.0,-255.0,-255.0,-283.0,-184.0,-283.0,-269.0,-269.0,-269.0,-412.0,-324.0,-325.0,-353.0,-340.0,-368.0,-311.0,-411.0,-383.0,-369.0,-283.0,-311.0,-312.0,-227.0,-283.0,-255.0,-255.0,-227.0
NO.360,1,-339.0,-339.0,-339.0,-341.0,-339.0,-339.0,-339.0,-339.0,-339.0,-335.0,-337.0,-339.0,-339.0,-339.0,-339.0,-339.0,-339.0,-339.0,-337.0,-347.0,-347.0,-341.0,-345.0,-345.0,-337.0,-337.0,-345.0,-288.0,-297.0,-323.0,-281.0,-272.0,-302.0,-305.0,-265.0,-278.0
NO.361,0,-255.0,-278.0,-272.0,-255.0,-244.0,-272.0,-255.0,-249.0,-244.0,-255.0,-255.0,-255.0,-255.0,-255.0,-255.0,-255.0,-255.0,-255.0,-266.0,-289.0,-272.0,-277.0,-272.0,-289.0,-255.0,-272.0,-311.0,-244.0,-266.0,-271.0,-255.0,-244.0,-266.0,-255.0,-255.0,-244.0
NO.362,7,-335.0,-327.0,-354.0,-331.0,-331.0,-335.0,-335.0,-327.0,-339.0,-325.0,-282.0,-308.0,-301.0,-288.0,-274.0,-297.0,-312.0,-269.0,-307.0,-273.0,-302.0,-297.0,-302.0,-312.0,-325.0,-335.0,-312.0,-255.0,-283.0,-315.0,-255.0,-227.0,-283.0,-255.0,-255.0,-227.0
NO.363,1,-321.0,-321.0,-320.0,-330.0,-339.0,-339.0,-339.0,-339.0,-339.0,-339.0,-339.0,-339.0,-339.0,-339.0,-339.0,-339.0,-339.0,-339.0,-339.0,-389.0,-359.0,-349.0,-359.0,-359.0,-339.0,-339.0,-349.0,-321.0,-312.0,-303.0,-330.0,-303.0,-312.0,-330.0,-321.0,-303.0
NO.364,1,-341.0,-337.0,-339.0,-341.0,-339.0,-337.0,-345.0,-345.0,-348.0,-343.0,-352.0,-339.0,-359.0,-350.0,-336.0,-359.0,-351.0,-339.0,-341.0,-347.0,-347.0,-343.0,-345.0,-341.0,-332.0,-339.0,-341.0,-339.0,-330.0,-349.0,-331.0,-310.0,-330.0,-330.0,-314.0,-312.0
NO.365,0,-255.0,-260.0,-255.0,-255.0,-250.0,-265.0,-255.0,-255.0,-259.0,-260.0,-264.0,-255.0,-273.0,-255.0,-231.0,-273.0,-259.0,-255.0,-264.0,-292.0,-260.0,-269.0,-265.0,-287.0,-242.0,-273.0,-297.0,-288.0,-241.0,-260.0,-259.0,-240.0,-250.0,-250.0,-240.0,-240.0
NO.366,7,-255.0,-311.0,-353.0,-311.0,-339.0,-339.0,-339.0,-339.0,-339.0,-325.0,-269.0,-325.0,-297.0,-297.0,-269.0,-297.0,-297.0,-269.0,-339.0,-297.0,-325.0,-325.0,-325.0,-339.0,-367.0,-339.0,-339.0,-255.0,-283.0,-311.0,-255.0,-227.0,-283.0,-255.0,-255.0,-227.0
NO.367,1,-339.0,-339.0,-344.0,-339.0,-339.0,-339.0,-339.0,-339.0,-339.0,-339.0,-328.0,-317.0,-339.0,-317.0,-317.0,-328.0,-317.0,-328.0,-339.0,-324.0,-334.0,-334.0,-334.0,-339.0,-339.0,-339.0,-339.0,-266.0,-283.0,-333.0,-245.0,-243.0,-294.0,-278.0,-239.0,-243.0
NO.368,0,-255.0,-255.0,-255.0,-255.0,-255.0,-255.0,-255.0,-255.0,-255.0,-255.0,-255.0,-255.0,-255.0,-255.0,-255.0,-255.0,-255.0,-255.0,-255.0,-255.0,-255.0,-255.0,-255.0,-255.0,-255.0,-255.0,-255.0,-241.0,-241.0,-255.0,-255.0,-255.0,-255.0,-255.0,-255.0,-255.0
NO.369,0,-255.0,-255.0,-248.0,-255.0,-248.0,-262.0,-248.0,-262.0,-248.0,-255.0,-255.0,-255.0,-255.0,-255.0,-255.0,-255.0,-255.0,-255.0,-283.0,-325.0,-311.0,-290.0,-304.0,-283.0,-255.0,-276.0,-290.0,-220.0,-227.0,-241.0,-227.0,-192.0,-227.0,-227.0,-206.0,-199.0
NO.370,0,-206.0,-199.0,-234.0,-234.0,-255.0,-255.0,-234.0,-248.0,-262.0,-171.0,-185.0,-199.0,-206.0,-199.0,-178.0,-227.0,-199.0,-171.0,-248.0,-269.0,-276.0,-255.0,-269.0,-262.0,-234.0,-227.0,-276.0,-213.0,-192.0,-206.0,-185.0,-150.0,-192.0,-171.0,-171.0,-150.0
NO.371,0,-237.0,-246.0,-255.0,-255.0,-255.0,-255.0,-255.0,-255.0,-255.0,-255.0,-255.0,-246.0,-255.0,-255.0,-264.0,-255.0,-255.0,-255.0,-208.0,-255.0,-283.0,-245.0,-255.0,-237.0,-217.0,-217.0,-236.0,-162.0,-190.0,-209.0,-161.0,-143.0,-190.0,-199.0,-152.0,-152.0
NO.372,0,-241.0,-269.0,-255.0,-241.0,-255.0,-255.0,-227.0,-241.0,-255.0,-227.0,-241.0,-255.0,-255.0,-255.0,-255.0,-255.0,-255.0,-255.0,-255.0,-255.0,-255.0,-255.0,-255.0,-255.0,-227.0,-255.0,-269.0,-199.0,-227.0,-255.0,-227.0,-227.0,-241.0,-227.0,-213.0,-227.0
NO.373,5,-186.0,-186.0,-174.0,-190.0,-184.0,-184.0,-175.0,-191.0,-185.0,-157.0,-165.0,-179.0,-177.0,-169.0,-166.0,-174.0,-178.0,-174.0,-152.0,-167.0,-164.0,-161.0,-159.0,-142.0,-159.0,-143.0,-141.0,-167.0,-150.0,-167.0,-153.0,-140.0,-154.0,-156.0,-140.0,-143.0
NO.374,2,-84.0,-84.0,-84.0,-79.0,-84.0,-84.0,-84.0,-89.0,-89.0,-89.0,-89.0,-94.0,-94.0,-89.0,-79.0,-94.0,-89.0,-84.0,-84.0,-84.0,-84.0,-84.0,-84.0,-84.0,-84.0,-84.0,-84.0,-89.0,-84.0,-84.0,-84.0,-84.0,-84.0,-84.0,-84.0,-84.0
NO.375,5,-168.0,-189.0,-180.0,-183.0,-165.0,-186.0,-177.0,-174.0,-168.0,-171.0,-171.0,-171.0,-171.0,-171.0,-152.0,-171.0,-171.0,-171.0,-174.0,-186.0,-186.0,-177.0,-180.0,-183.0,-171.0,-177.0,-183.0,-180.0,-164.0,-169.0,-160.0,-144.0,-161.0,-164.0,-153.0,-144.0
NO.376,5,-213.0,-241.0,-255.0,-199.0,-213.0,-199.0,-185.0,-157.0,-213.0,-199.0,-185.0,-171.0,-241.0,-199.0,-171.0,-213.0,-227.0,-185.0,-227.0,-241.0,-311.0,-199.0,-269.0,-241.0,-171.0,-199.0,-227.0,-157.0,-199.0,-227.0,-171.0,-143.0,-199.0,-171.0,-171.0,-143.0
NO.377,5,-176.0,-172.0,-167.0,-181.0,-173.0,-173.0,-179.0,-180.0,-178.0,-175.0,-177.0,-173.0,-179.0,-173.0,-171.0,-175.0,-176.0,-173.0,-159.0,-173.0,-185.0,-161.0,-175.0,-163.0,-161.0,-147.0,-159.0,-147.0,-153.0,-159.0,-167.0,-155.0,-161.0,-169.0,-171.0,-155.0
NO.378,0,-255.0,-255.0,-274.0,-255.0,-255.0,-255.0,-255.0,-255.0,-264.0,-255.0,-255.0,-207.0,-255.0,-198.0,-189.0,-255.0,-236.0,-217.0,-255.0,-198.0,-236.0,-236.0,-236.0,-255.0,-236.0,-255.0,-255.0,-293.0,-227.0,-227.0,-209.0,-143.0,-199.0,-180.0,-162.0,-143.0
NO.379,5,-198.0,-198.0,-198.0,-198.0,-198.0,-198.0,-198.0,-208.0,-208.0,-226.0,-236.0,-237.0,-255.0,-255.0,-255.0,-255.0,-255.0,-255.0,-180.0,-198.0,-180.0,-189.0,-180.0,-171.0,-171.0,-171.0,-171.0,-199.0,-189.0,-198.0,-143.0,-162.0,-180.0,-199.0,-143.0,-162.0
NO.380,5,-182.0,-155.0,-171.0,-182.0,-171.0,-171.0,-193.0,-182.0,-171.0,-198.0,-198.0,-188.0,-209.0,-210.0,-187.0,-210.0,-198.0,-198.0,-181.0,-186.0,-191.0,-176.0,-186.0,-186.0,-171.0,-171.0,-176.0,-171.0,-171.0,-171.0,-160.0,-171.0,-171.0,-182.0,-160.0,-171.0
NO.381,0,-250.0,-265.0,-260.0,-257.0,-252.0,-263.0,-259.0,-257.0,-252.0,-253.0,-255.0,-259.0,-277.0,-270.0,-255.0,-277.0,-269.0,-255.0,-253.0,-257.0,-255.0,-255.0,-255.0,-255.0,-255.0,-251.0,-255.0,-246.0,-246.0,-266.0,-233.0,-222.0,-242.0,-244.0,-222.0,-220.0
NO.382,2,-94.0,-114.0,-124.0,-74.0,-94.0,-94.0,-84.0,-74.0,-84.0,-84.0,-84.0,-84.0,-84.0,-84.0,-74.0,-84.0,-84.0,-84.0,-94.0,-104.0,-84.0,-104.0,-94.0,-104.0,-114.0,-114.0,-114.0,-133.0,-133.0,-114.0,-124.0,-114.0,-114.0,-104.0,-124.0,-114.0
NO.383,5,-180.0,-176.0,-203.0,-159.0,-180.0,-176.0,-171.0,-159.0,-168.0,-171.0,-171.0,-171.0,-171.0,-171.0,-171.0,-171.0,-171.0,-171.0,-261.0,-334.0,-314.0,-271.0,-286.0,-229.0,-183.0,-198.0,-204.0,-152.0,-152.0,-178.0,-130.0,-111.0,-149.0,-149.0,-111.0,-111.0
NO.384,5,-180.0,-162.0,-171.0,-189.0,-180.0,-162.0,-207.0,-189.0,-180.0,-180.0,-189.0,-207.0,-171.0,-189.0,-189.0,-171.0,-171.0,-189.0,-171.0,-180.0,-198.0,-171.0,-189.0,-180.0,-171.0,-171.0,-180.0,-171.0,-171.0,-171.0,-162.0,-171.0,-171.0,-180.0,-162.0,-171.0
NO.385,0,-255.0,-253.0,-273.0,-255.0,-255.0,-253.0,-255.0,-255.0,-255.0,-255.0,-255.0,-255.0,-255.0,-255.0,-257.0,-255.0,-255.0,-255.0,-239.0,-224.0,-248.0,-237.0,-246.0,-252.0,-255.0,-253.0,-261.0,-224.0,-225.0,-244.0,-178.0,-186.0,-220.0,-215.0,-169.0,-185.0
NO.386,0,-227.0,-199.0,-199.0,-241.0,-227.0,-199.0,-269.0,-241.0,-227.0,-227.0,-241.0,-255.0,-213.0,-241.0,-255.0,-227.0,-227.0,-227.0,-171.0,-283.0,-269.0,-213.0,-241.0,-213.0,-213.0,-157.0,-199.0,-171.0,-171.0,-171.0,-143.0,-171.0,-171.0,-199.0,-143.0,-171.0
NO.387,2,-84.0,-84.0,-84.0,-96.0,-102.0,-84.0,-108.0,-102.0,-108.0,-101.0,-124.0,-137.0,-140.0,-147.0,-142.0,-141.0,-135.0,-141.0,-84.0,-84.0,-84.0,-84.0,-84.0,-84.0,-78.0,-84.0,-84.0,-96.0,-102.0,-102.0,-91.0,-66.0,-90.0,-113.0,-79.0,-72.0
NO.388,5,-171.0,-171.0,-189.0,-163.0,-175.0,-171.0,-167.0,-171.0,-171.0,-163.0,-167.0,-171.0,-171.0,-171.0,-171.0,-171.0,-171.0,-171.0,-142.0,-122.0,-131.0,-143.0,-135.0,-146.0,-167.0,-156.0,-147.0,-112.0,-127.0,-199.0,-106.0,-76.0,-138.0,-135.0,-81.0,-83.0
NO.389,0,-255.0,-255.0,-255.0,-255.0,-255.0,-255.0,-255.0,-255.0,-255.0,-255.0,-255.0,-255.0,-255.0,-255.0,-255.0,-255.0,-255.0,-255.0,-255.0,-255.0,-255.0,-255.0,-255.0,-255.0,-255.0,-255.0,-255.0,-213.0,-227.0,-255.0,-171.0,-157.0,-213.0,-213.0,-157.0,-157.0
NO.390,0,-251.0,-253.0,-251.0,-257.0,-251.0,-253.0,-255.0,-257.0,-249.0,-255.0,-251.0,-251.0,-255.0,-253.0,-256.0,-255.0,-253.0,-251.0,-245.0,-241.0,-257.0,-245.0,-250.0,-239.0,-254.0,-239.0,-238.0,-201.0,-220.0,-255.0,-175.0,-157.0,-213.0,-204.0,-152.0,-164.0
NO.391,0,-255.0,-255.0,-255.0,-255.0,-255.0,-255.0,-255.0,-255.0,-255.0,-255.0,-255.0,-246.0,-255.0,-255.0,-264.0,-255.0,-255.0,-255.0,-255.0,-255.0,-255.0,-255.0,-255.0,-255.0,-255.0,-255.0,-255.0,-219.0,-237.0,-246.0,-219.0,-219.0,-237.0,-237.0,-219.0,-219.0
NO.392,7,-331.0,-339.0,-344.0,-323.0,-335.0,-343.0,-351.0,-327.0,-327.0,-231.0,-255.0,-303.0,-255.0,-255.0,-255.0,-255.0,-250.0,-255.0,-331.0,-316.0,-330.0,-326.0,-330.0,-339.0,-354.0,-327.0,-343.0,-251.0,-274.0,-279.0,-250.0,-251.0,-274.0,-255.0,-250.0,-251.0
NO.393,7,-236.0,-293.0,-274.0,-255.0,-236.0,-293.0,-255.0,-255.0,-236.0,-274.0,-302.0,-292.0,-302.0,-311.0,-302.0,-283.0,-293.0,-339.0,-255.0,-274.0,-312.0,-255.0,-293.0,-274.0,-255.0,-255.0,-274.0,-255.0,-255.0,-255.0,-227.0,-255.0,-255.0,-283.0,-227.0,-255.0
NO.394,7,-297.0,-353.0,-339.0,-269.0,-311.0,-339.0,-269.0,-269.0,-311.0,-248.0,-290.0,-304.0,-297.0,-318.0,-297.0,-290.0,-297.0,-304.0,-276.0,-346.0,-297.0,-318.0,-290.0,-332.0,-283.0,-297.0,-325.0,-248.0,-255.0,-276.0,-220.0,-227.0,-255.0,-269.0,-213.0,-227.0
NO.395,2,-84.0,-70.0,-98.0,-84.0,-70.0,-56.0,-70.0,-42.0,-84.0,-42.0,-42.0,-42.0,-42.0,-42.0,-42.0,-42.0,-28.0,-42.0,-155.0,-83.0,-98.0,-126.0,-98.0,-112.0,-98.0,-184.0,-112.0,-28.0,-56.0,-70.0,-42.0,-28.0,-56.0,-42.0,-42.0,-28.0
NO.396,3,-80.0,-76.0,-73.0,-88.0,-71.0,-62.0,-65.0,-37.0,-57.0,-41.0,-19.0,-20.0,-27.0,-23.0,-19.0,-27.0,-23.0,-19.0,-32.0,-47.0,-37.0,-52.0,-37.0,-27.0,-48.0,-33.0,-27.0,5.0,-5.0,-15.0,5.0,5.0,-5.0,-5.0,5.0,5.0
NO.397,2,-154.0,-127.0,-102.0,-147.0,-145.0,-109.0,-127.0,-123.0,-127.0,-70.0,-76.0,-100.0,-68.0,-77.0,-66.0,-72.0,-72.0,-72.0,-84.0,-67.0,-80.0,-80.0,-80.0,-84.0,-99.0,-89.0,-84.0,-86.0,-71.0,-93.0,-48.0,-66.0,-75.0,-62.0,-43.0,-66.0
NO.398,5,-147.0,-153.0,-153.0,-159.0,-147.0,-153.0,-165.0,-165.0,-153.0,-165.0,-165.0,-171.0,-141.0,-159.0,-177.0,-153.0,-153.0,-165.0,-171.0,-153.0,-165.0,-159.0,-165.0,-171.0,-159.0,-165.0,-177.0,-118.0,-130.0,-158.0,-86.0,-101.0,-130.0,-131.0,-80.0,-101.0
NO.399,2,-104.0,-96.0,-78.0,-110.0,-98.0,-88.0,-102.0,-100.0,-100.0,-100.0,-96.0,-92.0,-90.0,-92.0,-92.0,-90.0,-90.0,-90.0,-94.0,-116.0,-102.0,-98.0,-100.0,-98.0,-84.0,-90.0,-98.0,-40.0,-54.0,-102.0,-34.0,-26.0,-66.0,-60.0,-20.0,-32.0
NO.400,5,-171.0,-171.0,-171.0,-171.0,-171.0,-171.0,-171.0,-171.0,-171.0,-171.0,-171.0,-171.0,-171.0,-171.0,-171.0,-171.0,-171.0,-171.0,-126.0,-186.0,-186.0,-171.0,-171.0,-141.0,-141.0,-126.0,-141.0,-113.0,-127.0,-112.0,-127.0,-41.0,-98.0,-142.0,-113.0,-41.0
NO.401,2,-84.0,-55.0,-85.0,-84.0,-84.0,-55.0,-84.0,-84.0,-84.0,-98.0,-141.0,-128.0,-140.0,-142.0,-142.0,-126.0,-155.0,-156.0,-156.0,-239.0,-199.0,-169.0,-184.0,-141.0,-98.0,-112.0,-126.0,-98.0,-112.0,-112.0,-55.0,-70.0,-98.0,-113.0,-55.0,-70.0
NO.402,5,-179.0,-188.0,-199.0,-184.0,-183.0,-177.0,-170.0,-174.0,-174.0,-153.0,-160.0,-172.0,-155.0,-167.0,-178.0,-159.0,-163.0,-167.0,-171.0,-174.0,-180.0,-177.0,-177.0,-174.0,-174.0,-171.0,-174.0,-120.0,-142.0,-186.0,-91.0,-77.0,-135.0,-135.0,-77.0,-77.0
NO.403,2,-114.0,-114.0,-124.0,-114.0,-114.0,-114.0,-114.0,-114.0,-114.0,-104.0,-94.0,-94.0,-74.0,-84.0,-104.0,-84.0,-74.0,-84.0,-74.0,-84.0,-84.0,-94.0,-84.0,-84.0,-104.0,-74.0,-84.0,-94.0,-94.0,-84.0,-84.0,-84.0,-84.0,-84.0,-84.0,-84.0
NO.404,5,-227.0,-199.0,-185.0,-213.0,-227.0,-199.0,-213.0,-213.0,-213.0,-185.0,-199.0,-185.0,-171.0,-171.0,-171.0,-171.0,-157.0,-171.0,-171.0,-171.0,-171.0,-171.0,-171.0,-171.0,-171.0,-171.0,-171.0,-111.0,-141.0,-156.0,-141.0,-96.0,-141.0,-141.0,-126.0,-111.0
NO.405,7,-339.0,-330.0,-308.0,-339.0,-332.0,-319.0,-326.0,-315.0,-325.0,-266.0,-281.0,-294.0,-264.0,-269.0,-276.0,-267.0,-270.0,-273.0,-332.0,-410.0,-361.0,-358.0,-347.0,-347.0,-290.0,-315.0,-339.0,-259.0,-262.0,-292.0,-222.0,-215.0,-259.0,-251.0,-215.0,-211.0
NO.406,0,-250.0,-237.0,-274.0,-255.0,-250.0,-246.0,-255.0,-255.0,-250.0,-255.0,-255.0,-255.0,-245.0,-254.0,-255.0,-245.0,-250.0,-255.0,-297.0,-326.0,-316.0,-302.0,-302.0,-269.0,-255.0,-255.0,-255.0,-199.0,-218.0,-235.0,-156.0,-147.0,-203.0,-199.0,-143.0,-151.0
NO.407,5,-171.0,-171.0,-171.0,-171.0,-171.0,-171.0,-171.0,-185.0,-185.0,-157.0,-171.0,-199.0,-171.0,-171.0,-171.0,-171.0,-171.0,-171.0,-171.0,-171.0,-171.0,-171.0,-171.0,-171.0,-171.0,-171.0,-171.0,-128.0,-127.0,-97.0,-142.0,-41.0,-98.0,-142.0,-113.0,-41.0
NO.408,0,-213.0,-269.0,-283.0,-199.0,-227.0,-269.0,-213.0,-227.0,-199.0,-227.0,-241.0,-255.0,-255.0,-255.0,-255.0,-255.0,-255.0,-255.0,-227.0,-255.0,-269.0,-227.0,-255.0,-255.0,-269.0,-227.0,-227.0,-255.0,-255.0,-255.0,-255.0,-255.0,-255.0,-255.0,-255.0,-255.0
NO.409,2,-107.0,-100.0,-73.0,-115.0,-100.0,-100.0,-107.0,-97.0,-108.0,-101.0,-91.0,-87.0,-72.0,-81.0,-84.0,-75.0,-78.0,-81.0,-87.0,-123.0,-97.0,-106.0,-100.0,-75.0,-109.0,-78.0,-77.0,-44.0,-50.0,-85.0,-34.0,9.0,-47.0,-50.0,-6.0,6.0
NO.410,3,0.0,0.0,6.0,0.0,0.0,-6.0,0.0,0.0,-6.0,0.0,0.0,0.0,0.0,0.0,0.0,0.0,0.0,0.0,0.0,-18.0,-6.0,-6.0,-6.0,0.0,0.0,0.0,0.0,0.0,0.0,0.0,0.0,0.0,0.0,0.0,0.0,0.0
NO.411,0,-274.0,-274.0,-255.0,-246.0,-264.0,-264.0,-226.0,-265.0,-255.0,-170.0,-171.0,-236.0,-162.0,-180.0,-180.0,-171.0,-162.0,-171.0,-208.0,-209.0,-189.0,-218.0,-208.0,-236.0,-264.0,-246.0,-246.0,-180.0,-218.0,-209.0,-171.0,-152.0,-190.0,-171.0,-171.0,-152.0
NO.412,5,-215.0,-191.0,-172.0,-213.0,-199.0,-196.0,-207.0,-207.0,-201.0,-193.0,-182.0,-193.0,-188.0,-205.0,-192.0,-193.0,-190.0,-181.0,-174.0,-180.0,-182.0,-179.0,-179.0,-168.0,-188.0,-166.0,-171.0,-145.0,-148.0,-188.0,-108.0,-114.0,-151.0,-150.0,-97.0,-111.0
NO.413,7,-283.0,-311.0,-367.0,-227.0,-297.0,-311.0,-255.0,-255.0,-269.0,-241.0,-255.0,-269.0,-283.0,-269.0,-269.0,-283.0,-269.0,-255.0,-339.0,-339.0,-339.0,-339.0,-339.0,-339.0,-367.0,-339.0,-339.0,-241.0,-283.0,-283.0,-255.0,-241.0,-269.0,-255.0,-255.0,-241.0
NO.414,7,-336.0,-334.0,-356.0,-307.0,-324.0,-312.0,-290.0,-262.0,-317.0,-295.0,-255.0,-256.0,-295.0,-296.0,-311.0,-290.0,-300.0,-266.0,-323.0,-298.0,-312.0,-316.0,-317.0,-334.0,-345.0,-327.0,-356.0,-176.0,-277.0,-317.0,-226.0,-209.0,-277.0,-249.0,-237.0,-209.0
NO.415,0,-255.0,-255.0,-255.0,-255.0,-255.0,-255.0,-255.0,-255.0,-255.0,-255.0,-255.0,-241.0,-255.0,-255.0,-276.0,-255.0,-248.0,-255.0,-248.0,-262.0,-255.0,-255.0,-255.0,-255.0,-255.0,-241.0,-255.0,-220.0,-248.0,-220.0,-248.0,-248.0,-241.0,-255.0,-262.0,-248.0
NO.416,1,-357.0,-353.0,-341.0,-353.0,-350.0,-345.0,-345.0,-349.0,-346.0,-332.0,-335.0,-343.0,-339.0,-341.0,-346.0,-339.0,-336.0,-339.0,-339.0,-342.0,-348.0,-340.0,-348.0,-339.0,-350.0,-336.0,-342.0,-296.0,-312.0,-350.0,-282.0,-260.0,-310.0,-308.0,-264.0,-263.0
NO.417,4,-498.0,-490.0,-462.0,-478.0,-498.0,-478.0,-470.0,-466.0,-462.0,-414.0,-393.0,-435.0,-410.0,-439.0,-450.0,-414.0,-414.0,-414.0,-418.0,-434.0,-430.0,-430.0,-430.0,-434.0,-455.0,-430.0,-430.0,-332.0,-405.0,-447.0,-313.0,-348.0,-393.0,-368.0,-305.0,-356.0
NO.418,5,-181.0,-171.0,-167.0,-171.0,-176.0,-171.0,-146.0,-166.0,-151.0,-133.0,-123.0,-160.0,-151.0,-175.0,-166.0,-137.0,-156.0,-165.0,-175.0,-188.0,-206.0,-179.0,-193.0,-180.0,-181.0,-171.0,-180.0,-83.0,-127.0,-180.0,-51.0,-88.0,-132.0,-108.0,-46.0,-93.0
NO.419,5,-126.0,-111.0,-141.0,-126.0,-126.0,-111.0,-126.0,-126.0,-126.0,-141.0,-171.0,-126.0,-128.0,-98.0,-171.0,-113.0,-142.0,-171.0,-171.0,-186.0,-171.0,-171.0,-171.0,-171.0,-156.0,-141.0,-171.0,-126.0,-156.0,-186.0,-126.0,-126.0,-156.0,-156.0,-126.0,-126.0
NO.420,2,-94.0,-87.0,-81.0,-91.0,-91.0,-83.0,-87.0,-86.0,-88.0,-87.0,-87.0,-80.0,-95.0,-86.0,-96.0,-89.0,-92.0,-87.0,-90.0,-104.0,-86.0,-96.0,-88.0,-99.0,-93.0,-92.0,-101.0,-52.0,-84.0,-105.0,-63.0,-59.0,-85.0,-73.0,-61.0,-64.0
NO.421,5,-171.0,-171.0,-171.0,-171.0,-171.0,-171.0,-171.0,-171.0,-171.0,-171.0,-171.0,-171.0,-189.0,-180.0,-171.0,-189.0,-180.0,-171.0,-171.0,-171.0,-171.0,-171.0,-171.0,-171.0,-171.0,-171.0,-171.0,-152.0,-152.0,-190.0,-133.0,-114.0,-152.0,-152.0,-114.0,-114.0
NO.422,1,-379.0,-379.0,-369.0,-359.0,-369.0,-349.0,-349.0,-339.0,-359.0,-339.0,-339.0,-330.0,-377.0,-358.0,-367.0,-377.0,-358.0,-339.0,-329.0,-339.0,-339.0,-349.0,-339.0,-339.0,-349.0,-339.0,-339.0,-283.0,-330.0,-348.0,-302.0,-312.0,-330.0,-330.0,-312.0,-312.0
NO.423,5,-171.0,-171.0,-171.0,-171.0,-171.0,-171.0,-171.0,-171.0,-171.0,-171.0,-171.0,-171.0,-199.0,-199.0,-200.0,-199.0,-185.0,-171.0,-171.0,-171.0,-171.0,-171.0,-171.0,-171.0,-186.0,-171.0,-171.0,-69.0,-127.0,-200.0,-84.0,-84.0,-142.0,-142.0,-84.0,-84.0
NO.424,2,-84.0,-84.0,-84.0,-93.0,-84.0,-84.0,-75.0,-93.0,-84.0,-28.0,-37.0,-65.0,-27.0,-27.0,-27.0,-27.0,-27.0,-27.0,-84.0,-84.0,-84.0,-84.0,-84.0,-84.0,-84.0,-84.0,-84.0,-28.0,-56.0,-85.0,-17.0,-28.0,-56.0,-27.0,-17.0,-28.0
NO.425,3,0.0,-5.0,-4.0,1.0,0.0,-4.0,0.0,1.0,1.0,0.0,-1.0,-2.0,-2.0,-3.0,-2.0,-2.0,-1.0,-2.0,0.0,1.0,0.0,-1.0,0.0,0.0,-4.0,-7.0,0.0,1.0,-14.0,-29.0,1.0,-1.0,-13.0,-2.0,2.0,-2.0
NO.426,2,-84.0,-84.0,-103.0,-112.0,-84.0,-84.0,-84.0,-84.0,-84.0,0.0,-10.0,-94.0,10.0,-56.0,-85.0,-18.0,-9.0,-38.0,-66.0,-45.0,-47.0,-65.0,-56.0,-75.0,-84.0,-84.0,-84.0,-28.0,-56.0,-112.0,47.0,-28.0,-56.0,-19.0,47.0,-28.0
NO.427,3,-6.0,-6.0,-5.0,-11.0,-3.0,-6.0,-12.0,-4.0,-5.0,-20.0,-14.0,-2.0,-10.0,-7.0,-2.0,-3.0,-4.0,-3.0,-1.0,-3.0,0.0,-5.0,-1.0,0.0,-3.0,-2.0,-2.0,-2.0,-3.0,-3.0,1.0,1.0,-1.0,-1.0,1.0,1.0
NO.428,2,-102.0,-141.0,-126.0,-90.0,-106.0,-135.0,-95.0,-93.0,-104.0,-85.0,-84.0,-96.0,-83.0,-95.0,-103.0,-86.0,-91.0,-88.0,-74.0,-88.0,-84.0,-99.0,-86.0,-86.0,-113.0,-92.0,-92.0,-53.0,-85.0,-114.0,-60.0,-59.0,-89.0,-80.0,-64.0,-57.0
NO.429,3,0.0,0.0,14.0,0.0,0.0,0.0,0.0,0.0,0.0,0.0,-14.0,-28.0,0.0,-28.0,-28.0,0.0,0.0,-28.0,-42.0,-98.0,-42.0,-28.0,-28.0,-98.0,28.0,-28.0,-56.0,0.0,0.0,0.0,14.0,0.0,0.0,-14.0,14.0,0.0
NO.430,3,-28.0,-14.0,-7.0,-21.0,-14.0,-35.0,-21.0,-21.0,-14.0,-28.0,-14.0,0.0,0.0,0.0,0.0,0.0,0.0,0.0,-21.0,-63.0,-35.0,-21.0,-35.0,-28.0,-14.0,-21.0,-21.0,7.0,-7.0,-14.0,0.0,7.0,-7.0,0.0,0.0,7.0
NO.431,2,-81.0,5.0,-134.0,-81.0,-84.0,-2.0,-78.0,-81.0,-84.0,-74.0,-61.0,-91.0,-70.0,-95.0,-96.0,-77.0,-74.0,-71.0,-358.0,-200.0,-400.0,-154.0,-372.0,-184.0,-155.0,-148.0,-84.0,-19.0,-57.0,-108.0,13.0,-26.0,-60.0,-33.0,23.0,-36.0
NO.432,2,-84.0,-55.0,-94.0,-84.0,-84.0,-55.0,-84.0,-84.0,-84.0,-75.0,-75.0,-84.0,-48.0,-75.0,-93.0,-57.0,-76.0,-75.0,-161.0,-170.0,-180.0,-131.0,-171.0,-113.0,-94.0,-94.0,-84.0,-57.0,-75.0,-93.0,-57.0,-57.0,-75.0,-66.0,-48.0,-66.0
NO.433,3,-9.0,9.0,9.0,-18.0,-9.0,9.0,-36.0,-18.0,-9.0,-9.0,-9.0,-18.0,-18.0,-18.0,0.0,-18.0,-9.0,0.0,-18.0,-36.0,-27.0,-9.0,-18.0,-36.0,9.0,-9.0,-18.0,0.0,0.0,0.0,0.0,0.0,0.0,0.0,0.0,0.0
NO.434,2,-80.0,-72.0,-75.0,-95.0,-82.0,-70.0,-103.0,-93.0,-82.0,-88.0,-89.0,-95.0,-89.0,-95.0,-97.0,-84.0,-94.0,-90.0,-62.0,-65.0,-57.0,-69.0,-55.0,-62.0,-76.0,-78.0,-56.0,-54.0,-76.0,-95.0,-54.0,-45.0,-71.0,-73.0,-51.0,-45.0
NO.435,2,-84.0,-84.0,-84.0,-84.0,-84.0,-84.0,-84.0,-84.0,-84.0,-84.0,-84.0,-84.0,-84.0,-84.0,-98.0,-84.0,-84.0,-84.0,-84.0,-84.0,-84.0,-84.0,-84.0,-84.0,-84.0,-70.0,-98.0,-28.0,-70.0,-56.0,-84.0,-56.0,-70.0,-84.0,-98.0,-56.0
NO.436,3,-42.0,-56.0,-42.0,-42.0,-42.0,-28.0,-42.0,-42.0,-14.0,-42.0,-28.0,-56.0,-42.0,-56.0,-42.0,-42.0,-42.0,-42.0,14.0,0.0,0.0,-28.0,14.0,0.0,-14.0,0.0,0.0,0.0,0.0,0.0,14.0,0.0,0.0,-14.0,14.0,0.0
NO.437,2,-104.0,-94.0,-64.0,-133.0,-113.0,-85.0,-132.0,-133.0,-103.0,-105.0,-123.0,-150.0,-114.0,-132.0,-142.0,-114.0,-123.0,-132.0,-104.0,-124.0,-114.0,-104.0,-114.0,-114.0,-84.0,-84.0,-114.0,-94.0,-94.0,-84.0,-65.0,-84.0,-84.0,-103.0,-65.0,-84.0
NO.438,3,0.0,0.0,7.0,0.0,0.0,0.0,0.0,0.0,0.0,-22.0,-31.0,-32.0,-38.0,-56.0,-46.0,-28.0,-42.0,-56.0,-4.0,-33.0,-7.0,-15.0,-11.0,-8.0,0.0,-4.0,-16.0,25.0,-22.0,-46.0,-9.0,17.0,-22.0,-32.0,-9.0,13.0
NO.439,2,-104.0,-104.0,-142.0,-94.0,-122.0,-104.0,-94.0,-104.0,-113.0,-74.0,-84.0,-104.0,-84.0,-84.0,-84.0,-84.0,-84.0,-84.0,-162.0,-114.0,-171.0,-114.0,-171.0,-133.0,-161.0,-133.0,-114.0,-55.0,-113.0,-152.0,-84.0,-55.0,-113.0,-84.0,-84.0,-55.0
NO.440,5,-174.0,-180.0,-177.0,-168.0,-174.0,-180.0,-171.0,-168.0,-174.0,-167.0,-145.0,-154.0,-156.0,-157.0,-170.0,-153.0,-167.0,-145.0,-168.0,-180.0,-174.0,-177.0,-174.0,-171.0,-185.0,-171.0,-171.0,-102.0,-152.0,-185.0,-118.0,-112.0,-152.0,-130.0,-118.0,-112.0
NO.441,5,-171.0,-171.0,-171.0,-171.0,-171.0,-171.0,-171.0,-171.0,-171.0,-171.0,-171.0,-171.0,-171.0,-171.0,-190.0,-171.0,-171.0,-171.0,-171.0,-171.0,-171.0,-171.0,-171.0,-171.0,-190.0,-171.0,-171.0,-114.0,-152.0,-171.0,-152.0,-171.0,-171.0,-171.0,-171.0,-171.0
NO.442,0,-255.0,-255.0,-255.0,-269.0,-283.0,-269.0,-283.0,-283.0,-269.0,-255.0,-241.0,-297.0,-269.0,-283.0,-283.0,-283.0,-269.0,-255.0,-269.0,-297.0,-255.0,-269.0,-255.0,-297.0,-241.0,-255.0,-297.0,-213.0,-213.0,-213.0,-199.0,-213.0,-213.0,-227.0,-199.0,-213.0
NO.443,5,-177.0,-180.0,-185.0,-165.0,-177.0,-193.0,-171.0,-165.0,-190.0,-171.0,-171.0,-152.0,-177.0,-177.0,-200.0,-177.0,-174.0,-171.0,-233.0,-244.0,-246.0,-212.0,-246.0,-246.0,-192.0,-205.0,-247.0,-129.0,-177.0,-177.0,-164.0,-165.0,-177.0,-171.0,-171.0,-165.0
NO.444,5,-141.0,-96.0,-127.0,-156.0,-141.0,-111.0,-186.0,-156.0,-156.0,-171.0,-171.0,-171.0,-171.0,-186.0,-186.0,-171.0,-156.0,-171.0,-228.0,-227.0,-213.0,-198.0,-213.0,-213.0,-171.0,-185.0,-227.0,-126.0,-156.0,-186.0,-126.0,-126.0,-156.0,-156.0,-126.0,-126.0
NO.445,0,-255.0,-255.0,-255.0,-255.0,-255.0,-255.0,-255.0,-255.0,-255.0,-255.0,-255.0,-227.0,-255.0,-255.0,-283.0,-255.0,-255.0,-255.0,-255.0,-255.0,-255.0,-255.0,-255.0,-255.0,-255.0,-255.0,-255.0,-171.0,-213.0,-213.0,-185.0,-157.0,-199.0,-227.0,-185.0,-157.0
NO.446,3,6.0,-1.0,-12.0,0.0,6.0,-6.0,0.0,0.0,6.0,0.0,-6.0,-12.0,0.0,-12.0,-12.0,0.0,-6.0,-12.0,-45.0,-26.0,-51.0,-21.0,-45.0,-45.0,-6.0,-17.0,-38.0,0.0,-22.0,-22.0,6.0,11.0,-11.0,-6.0,6.0,11.0
NO.447,2,-98.0,-112.0,-154.0,-70.0,-98.0,-98.0,-84.0,-70.0,-84.0,-84.0,-84.0,-84.0,-84.0,-84.0,-84.0,-70.0,-98.0,-98.0,-126.0,-84.0,-112.0,-112.0,-126.0,-126.0,-112.0,-112.0,-140.0,-70.0,-98.0,-112.0,-84.0,-70.0,-98.0,-84.0,-84.0,-70.0
NO.448,5,-178.0,-202.0,-184.0,-198.0,-183.0,-197.0,-198.0,-198.0,-184.0,-180.0,-170.0,-184.0,-171.0,-171.0,-185.0,-161.0,-176.0,-181.0,-157.0,-166.0,-156.0,-166.0,-161.0,-166.0,-194.0,-171.0,-171.0,-110.0,-146.0,-177.0,-94.0,-100.0,-146.0,-137.0,-99.0,-95.0
NO.449,5,-174.0,-184.0,-185.0,-171.0,-172.0,-181.0,-182.0,-170.0,-173.0,-178.0,-188.0,-166.0,-159.0,-174.0,-148.0,-159.0,-147.0,-120.0,-191.0,-253.0,-201.0,-225.0,-201.0,-173.0,-166.0,-171.0,-171.0,-165.0,-154.0,-198.0,-99.0,-108.0,-147.0,-99.0,-80.0,-108.0
NO.450,2,-98.0,-70.0,-70.0,-112.0,-98.0,-70.0,-140.0,-112.0,-98.0,-98.0,-98.0,-112.0,-84.0,-84.0,-84.0,-84.0,-84.0,-84.0,-112.0,-140.0,-126.0,-98.0,-112.0,-140.0,-70.0,-112.0,-126.0,-98.0,-98.0,-84.0,-84.0,-84.0,-84.0,-84.0,-84.0,-84.0
NO.451,2,-78.0,-79.0,-86.0,-84.0,-78.0,-76.0,-84.0,-84.0,-84.0,-84.0,-79.0,-69.0,-90.0,-83.0,-79.0,-90.0,-90.0,-70.0,-156.0,-194.0,-159.0,-142.0,-139.0,-173.0,-67.0,-124.0,-147.0,-80.0,-83.0,-82.0,-58.0,-63.0,-76.0,-60.0,-54.0,-64.0
NO.452,2,-84.0,-84.0,-72.0,-90.0,-90.0,-78.0,-96.0,-90.0,-90.0,-78.0,-96.0,-120.0,-84.0,-108.0,-108.0,-84.0,-90.0,-108.0,-108.0,-132.0,-120.0,-108.0,-108.0,-126.0,-78.0,-85.0,-119.0,-52.0,-68.0,-79.0,-56.0,-59.0,-74.0,-86.0,-57.0,-64.0
NO.453,0,-241.0,-283.0,-269.0,-255.0,-241.0,-283.0,-255.0,-255.0,-241.0,-255.0,-255.0,-255.0,-255.0,-255.0,-255.0,-255.0,-255.0,-255.0,-269.0,-297.0,-255.0,-269.0,-255.0,-297.0,-255.0,-283.0,-269.0,-241.0,-255.0,-241.0,-199.0,-199.0,-227.0,-227.0,-199.0,-199.0
NO.454,3,-12.0,-24.0,-6.0,-27.0,-12.0,-27.0,-30.0,-27.0,-15.0,-15.0,-6.0,-18.0,-3.0,-9.0,0.0,-12.0,-3.0,0.0,3.0,-9.0,-3.0,-3.0,0.0,0.0,-15.0,-12.0,0.0,7.0,-16.0,-45.0,3.0,10.0,-19.0,0.0,3.0,10.0
NO.455,2,-84.0,-84.0,-84.0,-84.0,-84.0,-84.0,-84.0,-84.0,-84.0,-84.0,-84.0,-84.0,-84.0,-84.0,-84.0,-84.0,-84.0,-84.0,-84.0,-84.0,-84.0,-84.0,-84.0,-84.0,-84.0,-84.0,-84.0,-70.0,-70.0,-84.0,-84.0,-84.0,-84.0,-84.0,-84.0,-84.0
NO.456,2,-95.0,-77.0,-82.0,-106.0,-92.0,-79.0,-119.0,-106.0,-96.0,-104.0,-91.0,-108.0,-98.0,-110.0,-103.0,-104.0,-90.0,-92.0,-84.0,-84.0,-84.0,-84.0,-84.0,-84.0,-88.0,-84.0,-84.0,-35.0,-65.0,-117.0,-25.0,-29.0,-73.0,-64.0,-22.0,-29.0
NO.457,3,-59.0,-48.0,-50.0,-75.0,-58.0,-56.0,-78.0,-71.0,-54.0,-48.0,-34.0,-46.0,-39.0,-36.0,-13.0,-18.0,-8.0,0.0,-4.0,-1.0,0.0,-13.0,-1.0,-6.0,-43.0,-16.0,-7.0,18.0,-24.0,-55.0,0.0,21.0,-21.0,0.0,0.0,21.0
NO.458,2,-96.0,-99.0,-97.0,-99.0,-91.0,-100.0,-98.0,-95.0,-91.0,-96.0,-93.0,-89.0,-83.0,-89.0,-100.0,-83.0,-87.0,-89.0,-83.0,-93.0,-84.0,-89.0,-84.0,-92.0,-90.0,-88.0,-93.0,-45.0,-80.0,-114.0,-45.0,-44.0,-80.0,-71.0,-43.0,-45.0
NO.459,3,-17.0,-36.0,-27.0,-37.0,-17.0,-27.0,-37.0,-27.0,-27.0,-29.0,-19.0,-18.0,0.0,0.0,0.0,0.0,0.0,0.0,9.0,0.0,0.0,0.0,0.0,0.0,-18.0,0.0,0.0,0.0,0.0,0.0,0.0,0.0,0.0,0.0,0.0,0.0
NO.460,3,0.0,0.0,0.0,0.0,0.0,0.0,0.0,0.0,0.0,0.0,0.0,0.0,0.0,0.0,0.0,0.0,0.0,0.0,0.0,0.0,0.0,0.0,0.0,0.0,0.0,0.0,0.0,0.0,0.0,0.0,0.0,0.0,0.0,0.0,0.0,0.0
NO.461,5,-161.0,-141.0,-141.0,-181.0,-161.0,-141.0,-171.0,-181.0,-161.0,-171.0,-190.0,-199.0,-171.0,-209.0,-219.0,-171.0,-181.0,-209.0,-199.0,-180.0,-189.0,-170.0,-189.0,-198.0,-161.0,-180.0,-207.0,-161.0,-171.0,-162.0,-152.0,-171.0,-171.0,-190.0,-152.0,-171.0
NO.462,0,-255.0,-213.0,-213.0,-255.0,-227.0,-241.0,-255.0,-269.0,-255.0,-255.0,-227.0,-283.0,-241.0,-283.0,-269.0,-227.0,-269.0,-255.0,-185.0,-185.0,-185.0,-199.0,-171.0,-199.0,-255.0,-227.0,-199.0,-171.0,-227.0,-227.0,-143.0,-143.0,-199.0,-199.0,-143.0,-143.0
NO.463,5,-164.0,-157.0,-136.0,-178.0,-164.0,-164.0,-171.0,-178.0,-171.0,-206.0,-192.0,-178.0,-227.0,-213.0,-199.0,-206.0,-220.0,-206.0,-120.0,-121.0,-141.0,-128.0,-134.0,-91.0,-157.0,-135.0,-83.0,-150.0,-171.0,-206.0,-143.0,-143.0,-171.0,-171.0,-143.0,-143.0
NO.464,2,-99.0,-86.0,-99.0,-95.0,-92.0,-93.0,-102.0,-99.0,-92.0,-102.0,-95.0,-97.0,-96.0,-100.0,-99.0,-96.0,-96.0,-96.0,-105.0,-108.0,-105.0,-98.0,-106.0,-108.0,-96.0,-98.0,-109.0,-78.0,-84.0,-84.0,-77.0,-84.0,-84.0,-88.0,-80.0,-84.0
NO.465,5,-157.0,-171.0,-171.0,-185.0,-157.0,-171.0,-185.0,-171.0,-171.0,-199.0,-185.0,-171.0,-171.0,-171.0,-171.0,-171.0,-171.0,-171.0,-171.0,-171.0,-171.0,-171.0,-171.0,-171.0,-171.0,-171.0,-171.0,-171.0,-171.0,-171.0,-171.0,-171.0,-171.0,-171.0,-171.0,-171.0
NO.466,0,-255.0,-264.0,-264.0,-255.0,-273.0,-264.0,-255.0,-255.0,-264.0,-217.0,-236.0,-274.0,-189.0,-236.0,-273.0,-227.0,-217.0,-227.0,-255.0,-282.0,-255.0,-273.0,-264.0,-273.0,-282.0,-264.0,-291.0,-181.0,-227.0,-256.0,-142.0,-172.0,-218.0,-199.0,-133.0,-181.0
NO.467,3,0.0,21.0,-14.0,-14.0,-28.0,14.0,-28.0,-28.0,-14.0,0.0,-35.0,-70.0,-7.0,-56.0,-70.0,-7.0,-28.0,-63.0,-35.0,-70.0,-42.0,-49.0,-35.0,-7.0,0.0,0.0,0.0,14.0,-28.0,0.0,-70.0,-28.0,-28.0,-77.0,-91.0,-28.0
NO.468,3,3.0,-3.0,-3.0,-3.0,0.0,0.0,-6.0,-3.0,0.0,3.0,0.0,-6.0,-6.0,-3.0,0.0,-6.0,-3.0,0.0,-6.0,-18.0,-6.0,-12.0,-6.0,0.0,0.0,0.0,0.0,0.0,0.0,0.0,0.0,0.0,0.0,0.0,0.0,0.0
NO.469,2,-94.0,-114.0,-99.0,-108.0,-103.0,-105.0,-117.0,-108.0,-103.0,-85.0,-103.0,-140.0,-84.0,-112.0,-117.0,-94.0,-93.0,-112.0,-103.0,-156.0,-84.0,-118.0,-89.0,-151.0,-70.0,-117.0,-151.0,-74.0,-94.0,-104.0,-70.0,-74.0,-94.0,-98.0,-70.0,-74.0
NO.470,5,-157.0,-143.0,-143.0,-164.0,-157.0,-143.0,-178.0,-164.0,-157.0,-171.0,-164.0,-178.0,-171.0,-178.0,-179.0,-171.0,-171.0,-171.0,-178.0,-171.0,-171.0,-171.0,-171.0,-171.0,-165.0,-164.0,-178.0,-119.0,-112.0,-111.0,-97.0,-98.0,-119.0,-134.0,-97.0,-91.0
NO.471,0,-255.0,-255.0,-255.0,-255.0,-255.0,-255.0,-255.0,-255.0,-278.0,-255.0,-278.0,-244.0,-255.0,-232.0,-221.0,-255.0,-255.0,-255.0,-255.0,-255.0,-255.0,-255.0,-255.0,-255.0,-232.0,-255.0,-255.0,-307.0,-221.0,-255.0,-175.0,-166.0,-216.0,-199.0,-137.0,-165.0
NO.472,2,-87.0,-68.0,-84.0,-113.0,-83.0,-76.0,-133.0,-104.0,-96.0,-130.0,-109.0,-120.0,-100.0,-116.0,-108.0,-104.0,-112.0,-104.0,-84.0,-96.0,-92.0,-80.0,-88.0,-80.0,-76.0,-80.0,-68.0,-64.0,-72.0,-92.0,-52.0,-60.0,-76.0,-84.0,-52.0,-60.0
NO.473,5,-171.0,-171.0,-171.0,-171.0,-171.0,-171.0,-171.0,-171.0,-171.0,-171.0,-171.0,-161.0,-171.0,-171.0,-181.0,-171.0,-171.0,-171.0,-171.0,-171.0,-171.0,-171.0,-171.0,-171.0,-171.0,-171.0,-171.0,-132.0,-152.0,-190.0,-123.0,-114.0,-152.0,-142.0,-104.0,-124.0
NO.474,0,-241.0,-269.0,-255.0,-241.0,-255.0,-255.0,-227.0,-241.0,-255.0,-227.0,-241.0,-255.0,-255.0,-255.0,-255.0,-255.0,-255.0,-255.0,-255.0,-255.0,-255.0,-255.0,-255.0,-255.0,-255.0,-255.0,-255.0,-241.0,-227.0,-283.0,-171.0,-185.0,-227.0,-213.0,-143.0,-185.0
NO.475,5,-199.0,-227.0,-283.0,-113.0,-214.0,-213.0,-156.0,-143.0,-227.0,-155.0,-240.0,-144.0,-227.0,-157.0,-184.0,-213.0,-213.0,-213.0,-227.0,-227.0,-255.0,-227.0,-241.0,-241.0,-143.0,-199.0,-199.0,-298.0,-171.0,-171.0,-213.0,-171.0,-171.0,-185.0,-157.0,-171.0
NO.476,5,-171.0,-171.0,-157.0,-171.0,-171.0,-171.0,-171.0,-171.0,-171.0,-175.0,-175.0,-172.0,-193.0,-181.0,-166.0,-185.0,-188.0,-175.0,-179.0,-185.0,-198.0,-170.0,-189.0,-170.0,-167.0,-171.0,-156.0,-146.0,-142.0,-200.0,-108.0,-84.0,-142.0,-142.0,-84.0,-84.0
NO.477,5,-141.0,-141.0,-161.0,-161.0,-141.0,-141.0,-181.0,-161.0,-141.0,-171.0,-171.0,-171.0,-171.0,-171.0,-181.0,-171.0,-171.0,-171.0,-181.0,-171.0,-171.0,-161.0,-181.0,-171.0,-161.0,-171.0,-171.0,-131.0,-151.0,-151.0,-131.0,-131.0,-151.0,-151.0,-131.0,-141.0
NO.478,5,-171.0,-165.0,-171.0,-165.0,-174.0,-168.0,-168.0,-171.0,-174.0,-165.0,-161.0,-144.0,-171.0,-161.0,-153.0,-171.0,-175.0,-142.0,-177.0,-207.0,-183.0,-189.0,-183.0,-171.0,-174.0,-177.0,-171.0,-136.0,-126.0,-155.0,-64.0,-82.0,-141.0,-94.0,-70.0,-91.0
NO.479,2,-96.0,-93.0,-90.0,-102.0,-93.0,-93.0,-111.0,-102.0,-96.0,-105.0,-96.0,-91.0,-90.0,-93.0,-68.0,-93.0,-84.0,-76.0,-85.0,-93.0,-93.0,-92.0,-91.0,-71.0,-98.0,-82.0,-70.0,-66.0,-65.0,-54.0,-48.0,-31.0,-54.0,-45.0,-30.0,-45.0
NO.480,1,-339.0,-339.0,-339.0,-339.0,-339.0,-339.0,-339.0,-339.0,-339.0,-339.0,-297.0,-297.0,-339.0,-297.0,-297.0,-339.0,-325.0,-297.0,-339.0,-339.0,-339.0,-339.0,-339.0,-339.0,-353.0,-339.0,-339.0,-255.0,-311.0,-311.0,-255.0,-227.0,-311.0,-255.0,-255.0,-283.0
NO.481,5,-210.0,-186.0,-175.0,-227.0,-221.0,-181.0,-226.0,-239.0,-215.0,-221.0,-181.0,-219.0,-226.0,-237.0,-176.0,-227.0,-232.0,-176.0,-199.0,-198.0,-233.0,-176.0,-233.0,-170.0,-192.0,-158.0,-147.0,-175.0,-142.0,-130.0,-126.0,-120.0,-130.0,-120.0,-120.0,-120.0
NO.482,5,-171.0,-171.0,-171.0,-171.0,-171.0,-171.0,-171.0,-171.0,-171.0,-199.0,-181.0,-161.0,-228.0,-199.0,-190.0,-208.0,-218.0,-199.0,-171.0,-171.0,-171.0,-171.0,-171.0,-171.0,-171.0,-171.0,-171.0,-171.0,-152.0,-123.0,-171.0,-123.0,-132.0,-142.0,-103.0,-152.0
NO.483,4,-510.0,-531.0,-517.0,-510.0,-510.0,-517.0,-510.0,-510.0,-510.0,-510.0,-510.0,-489.0,-510.0,-496.0,-425.0,-496.0,-482.0,-438.0,-391.0,-405.0,-398.0,-447.0,-405.0,-398.0,-461.0,-426.0,-419.0,-503.0,-425.0,-433.0,-374.0,-375.0,-403.0,-360.0,-345.0,-375.0
NO.484,0,-156.0,-84.0,-70.0,-228.0,-170.0,-85.0,-199.0,-214.0,-213.0,-439.0,-312.0,-170.0,-511.0,-368.0,-255.0,-440.0,-454.0,-341.0,-170.0,-225.0,-199.0,-183.0,-199.0,-126.0,-157.0,-126.0,-141.0,-241.0,-241.0,-283.0,-199.0,-241.0,-269.0,-213.0,-227.0,-241.0
NO.485,2,-83.0,-70.0,-70.0,-113.0,-69.0,-84.0,-127.0,-98.0,-84.0,-214.0,-127.0,-70.0,-227.0,-185.0,-142.0,-227.0,-228.0,-113.0,-70.0,-84.0,-98.0,-84.0,-98.0,-42.0,-126.0,-70.0,-42.0,-83.0,-142.0,-213.0,-70.0,-127.0,-184.0,-98.0,-127.0,-142.0
NO.486,1,-359.0,-379.0,-359.0,-358.0,-368.0,-370.0,-367.0,-368.0,-368.0,-320.0,-339.0,-377.0,-339.0,-339.0,-339.0,-339.0,-339.0,-339.0,-339.0,-359.0,-349.0,-339.0,-349.0,-359.0,-339.0,-339.0,-349.0,-339.0,-320.0,-292.0,-339.0,-292.0,-302.0,-311.0,-274.0,-320.0
NO.487,4,-426.0,-426.0,-454.0,-468.0,-440.0,-412.0,-524.0,-468.0,-440.0,-398.0,-426.0,-482.0,-426.0,-426.0,-397.0,-426.0,-412.0,-368.0,-468.0,-482.0,-468.0,-468.0,-468.0,-468.0,-426.0,-426.0,-468.0,-426.0,-383.0,-427.0,-339.0,-369.0,-412.0,-339.0,-354.0,-369.0
NO.488,1,-447.0,-476.0,-454.0,-447.0,-447.0,-468.0,-454.0,-447.0,-454.0,-383.0,-453.0,-476.0,-354.0,-427.0,-348.0,-376.0,-340.0,-324.0,-339.0,-226.0,-269.0,-347.0,-298.0,-282.0,-413.0,-389.0,-318.0,-425.0,-327.0,-276.0,-319.0,-233.0,-269.0,-290.0,-234.0,-226.0
NO.489,1,-339.0,-339.0,-339.0,-354.0,-354.0,-324.0,-369.0,-354.0,-354.0,-324.0,-311.0,-285.0,-339.0,-311.0,-339.0,-339.0,-367.0,-283.0,-339.0,-339.0,-339.0,-339.0,-339.0,-339.0,-339.0,-339.0,-339.0,-269.0,-283.0,-325.0,-227.0,-269.0,-297.0,-255.0,-241.0,-269.0
NO.490,4,-510.0,-510.0,-514.0,-510.0,-510.0,-510.0,-510.0,-510.0,-510.0,-510.0,-499.0,-460.0,-510.0,-492.0,-451.0,-510.0,-510.0,-450.0,-471.0,-467.0,-481.0,-474.0,-481.0,-454.0,-503.0,-465.0,-443.0,-463.0,-436.0,-456.0,-391.0,-394.0,-431.0,-384.0,-376.0,-408.0
NO.491,0,-184.0,-98.0,-98.0,-228.0,-155.0,-97.0,-255.0,-213.0,-185.0,-382.0,-284.0,-170.0,-567.0,-396.0,-325.0,-482.0,-524.0,-383.0,-199.0,-196.0,-199.0,-211.0,-171.0,-126.0,-199.0,-226.0,-113.0,-268.0,-326.0,-382.0,-241.0,-296.0,-354.0,-255.0,-283.0,-311.0
NO.492,7,-303.0,-321.0,-321.0,-312.0,-293.0,-292.0,-322.0,-302.0,-302.0,-254.0,-227.0,-218.0,-246.0,-236.0,-283.0,-255.0,-283.0,-237.0,-348.0,-339.0,-339.0,-330.0,-358.0,-339.0,-330.0,-330.0,-348.0,-218.0,-264.0,-272.0,-219.0,-228.0,-255.0,-228.0,-219.0,-228.0
NO.493,0,-255.0,-241.0,-255.0,-255.0,-255.0,-241.0,-255.0,-255.0,-255.0,-255.0,-213.0,-213.0,-255.0,-213.0,-213.0,-255.0,-255.0,-227.0,-325.0,-325.0,-339.0,-297.0,-311.0,-325.0,-255.0,-269.0,-283.0,-157.0,-213.0,-213.0,-171.0,-143.0,-199.0,-171.0,-171.0,-157.0
NO.494,0,-204.0,-228.0,-217.0,-205.0,-243.0,-227.0,-215.0,-232.0,-266.0,-182.0,-313.0,-299.0,-217.0,-272.0,-210.0,-216.0,-177.0,-166.0,-254.0,-225.0,-243.0,-220.0,-243.0,-243.0,-210.0,-255.0,-237.0,-312.0,-216.0,-210.0,-211.0,-154.0,-210.0,-171.0,-171.0,-171.0
NO.495,5,-213.0,-241.0,-269.0,-213.0,-213.0,-241.0,-227.0,-199.0,-227.0,-269.0,-184.0,-154.0,-255.0,-212.0,-185.0,-255.0,-242.0,-141.0,-213.0,-255.0,-227.0,-227.0,-227.0,-227.0,-213.0,-199.0,-199.0,-141.0,-142.0,-200.0,-69.0,-142.0,-171.0,-84.0,-113.0,-142.0
NO.496,0,-255.0,-255.0,-255.0,-227.0,-269.0,-255.0,-241.0,-255.0,-241.0,-227.0,-185.0,-227.0,-255.0,-227.0,-199.0,-255.0,-227.0,-199.0,-255.0,-255.0,-255.0,-227.0,-283.0,-255.0,-255.0,-227.0,-283.0,-171.0,-171.0,-171.0,-171.0,-171.0,-171.0,-171.0,-171.0,-171.0
NO.497,5,-171.0,-171.0,-162.0,-171.0,-171.0,-171.0,-171.0,-171.0,-171.0,-171.0,-171.0,-171.0,-171.0,-171.0,-161.0,-171.0,-171.0,-151.0,-171.0,-198.0,-180.0,-180.0,-180.0,-171.0,-171.0,-171.0,-171.0,-171.0,-161.0,-171.0,-141.0,-151.0,-151.0,-141.0,-131.0,-151.0
NO.498,0,-246.0,-264.0,-255.0,-246.0,-255.0,-255.0,-237.0,-246.0,-255.0,-237.0,-218.0,-180.0,-255.0,-208.0,-236.0,-255.0,-264.0,-218.0,-255.0,-255.0,-255.0,-255.0,-255.0,-255.0,-255.0,-246.0,-264.0,-180.0,-180.0,-180.0,-171.0,-171.0,-180.0,-171.0,-171.0,-171.0
NO.499,0,-252.0,-246.0,-246.0,-258.0,-252.0,-243.0,-255.0,-258.0,-268.0,-255.0,-293.0,-258.0,-255.0,-264.0,-217.0,-255.0,-245.0,-209.0,-258.0,-255.0,-255.0,-252.0,-255.0,-255.0,-233.0,-255.0,-255.0,-280.0,-233.0,-283.0,-171.0,-202.0,-230.0,-171.0,-149.0,-221.0
NO.500,5,-171.0,-171.0,-164.0,-171.0,-171.0,-171.0,-171.0,-171.0,-171.0,-171.0,-164.0,-135.0,-171.0,-164.0,-134.0,-171.0,-178.0,-128.0,-164.0,-199.0,-178.0,-178.0,-178.0,-171.0,-171.0,-157.0,-171.0,-127.0,-112.0,-149.0,-76.0,-91.0,-142.0,-84.0,-91.0,-98.0
NO.501,3,-27.0,-33.0,-62.0,-27.0,-37.0,-37.0,-37.0,-32.0,-60.0,-62.0,-165.0,-117.0,-77.0,-99.0,-33.0,-57.0,-10.0,-11.0,-33.0,-51.0,-56.0,-42.0,-42.0,-14.0,-4.0,-5.0,9.0,-127.0,-37.0,-47.0,-56.0,18.0,-33.0,0.0,5.0,-1.0
NO.502,2,-100.0,-128.0,-108.0,-104.0,-104.0,-120.0,-100.0,-104.0,-100.0,-92.0,-84.0,-88.0,-96.0,-84.0,-68.0,-96.0,-88.0,-56.0,-80.0,-88.0,-96.0,-84.0,-92.0,-88.0,-92.0,-84.0,-88.0,-60.0,-64.0,-80.0,-36.0,-36.0,-60.0,-36.0,-28.0,-40.0
NO.503,5,-171.0,-171.0,-171.0,-180.0,-180.0,-162.0,-189.0,-180.0,-180.0,-180.0,-171.0,-189.0,-208.0,-189.0,-170.0,-227.0,-189.0,-171.0,-283.0,-172.0,-171.0,-218.0,-199.0,-256.0,-218.0,-321.0,-264.0,-171.0,-171.0,-152.0,-171.0,-161.0,-142.0,-171.0,-151.0,-152.0
NO.504,3,4.0,-4.0,8.0,0.0,4.0,-4.0,0.0,0.0,4.0,0.0,0.0,0.0,-16.0,-16.0,0.0,-16.0,-8.0,0.0,-16.0,-60.0,-52.0,-28.0,-40.0,-12.0,-4.0,4.0,-8.0,4.0,-4.0,-12.0,0.0,4.0,-4.0,0.0,0.0,4.0
NO.505,2,-113.0,-85.0,-74.0,-143.0,-74.0,-94.0,-122.0,-113.0,-94.0,-162.0,-113.0,-84.0,-132.0,-122.0,-85.0,-132.0,-104.0,-67.0,-84.0,-84.0,-84.0,-84.0,-84.0,-84.0,-94.0,-74.0,-84.0,-84.0,-75.0,-112.0,-57.0,-75.0,-103.0,-66.0,-75.0,-85.0
NO.506,0,-227.0,-241.0,-241.0,-234.0,-220.0,-227.0,-241.0,-227.0,-220.0,-178.0,-185.0,-227.0,-157.0,-185.0,-178.0,-171.0,-164.0,-178.0,-262.0,-276.0,-262.0,-269.0,-262.0,-255.0,-248.0,-255.0,-255.0,-171.0,-206.0,-213.0,-171.0,-150.0,-213.0,-171.0,-171.0,-185.0
NO.507,0,-255.0,-255.0,-255.0,-255.0,-255.0,-255.0,-255.0,-255.0,-255.0,-255.0,-216.0,-210.0,-255.0,-210.0,-216.0,-244.0,-237.0,-220.0,-255.0,-255.0,-255.0,-255.0,-255.0,-255.0,-259.0,-255.0,-255.0,-171.0,-223.0,-233.0,-164.0,-160.0,-213.0,-171.0,-161.0,-188.0
NO.508,5,-153.0,-180.0,-179.0,-180.0,-153.0,-180.0,-180.0,-171.0,-162.0,-198.0,-189.0,-152.0,-207.0,-180.0,-151.0,-198.0,-189.0,-170.0,-180.0,-228.0,-190.0,-199.0,-190.0,-171.0,-171.0,-171.0,-171.0,-151.0,-152.0,-133.0,-141.0,-113.0,-142.0,-132.0,-123.0,-132.0
NO.509,3,-22.0,-9.0,-21.0,-25.0,-14.0,-15.0,-40.0,-21.0,-12.0,-25.0,-17.0,-20.0,-8.0,-12.0,0.0,-8.0,-2.0,-6.0,-21.0,-56.0,-44.0,-37.0,-34.0,-15.0,-10.0,-12.0,-9.0,1.0,-11.0,-13.0,-2.0,9.0,-9.0,0.0,0.0,2.0
NO.510,3,0.0,0.0,0.0,0.0,0.0,0.0,0.0,0.0,0.0,0.0,0.0,0.0,0.0,0.0,0.0,0.0,28.0,0.0,0.0,0.0,0.0,0.0,0.0,0.0,0.0,0.0,0.0,0.0,0.0,0.0,0.0,0.0,0.0,0.0,0.0,0.0
NO.511,2,-213.0,-242.0,-198.0,-213.0,-213.0,-242.0,-213.0,-213.0,-199.0,-184.0,-126.0,-199.0,-97.0,-155.0,-127.0,-141.0,-126.0,-97.0,-84.0,-84.0,-84.0,-98.0,-84.0,-84.0,-98.0,-84.0,-84.0,-112.0,-84.0,-42.0,-84.0,-56.0,-56.0,-70.0,-56.0,-56.0
NO.512,5,-159.0,-172.0,-174.0,-138.0,-144.0,-184.0,-113.0,-136.0,-162.0,-183.0,-227.0,-165.0,-160.0,-193.0,-119.0,-158.0,-119.0,-82.0,-164.0,-178.0,-171.0,-168.0,-168.0,-174.0,-125.0,-163.0,-180.0,-177.0,-109.0,-122.0,-118.0,-66.0,-109.0,-80.0,-79.0,-76.0
NO.513,7,-283.0,-353.0,-367.0,-227.0,-283.0,-353.0,-185.0,-227.0,-283.0,-213.0,-241.0,-255.0,-227.0,-255.0,-185.0,-255.0,-199.0,-241.0,-325.0,-297.0,-325.0,-311.0,-325.0,-339.0,-339.0,-353.0,-339.0,-283.0,-283.0,-311.0,-255.0,-241.0,-311.0,-255.0,-255.0,-255.0
NO.514,0,-162.0,-180.0,-170.0,-171.0,-162.0,-189.0,-143.0,-171.0,-256.0,-283.0,-434.0,-331.0,-255.0,-359.0,-199.0,-255.0,-199.0,-207.0,-217.0,-265.0,-273.0,-236.0,-245.0,-227.0,-189.0,-161.0,-226.0,-396.0,-227.0,-237.0,-283.0,-180.0,-208.0,-189.0,-161.0,-217.0
NO.515,2,-74.0,-75.0,-123.0,-122.0,-55.0,-85.0,-103.0,-84.0,-84.0,-132.0,-113.0,-74.0,-114.0,-94.0,-94.0,-94.0,-104.0,-94.0,-181.0,-190.0,-171.0,-171.0,-171.0,-171.0,-94.0,-143.0,-190.0,-65.0,-103.0,-122.0,-84.0,-65.0,-113.0,-84.0,-84.0,-85.0
NO.516,0,-255.0,-255.0,-255.0,-255.0,-255.0,-255.0,-255.0,-255.0,-255.0,-269.0,-269.0,-227.0,-311.0,-269.0,-227.0,-297.0,-283.0,-255.0,-255.0,-255.0,-255.0,-255.0,-255.0,-255.0,-255.0,-255.0,-255.0,-255.0,-241.0,-269.0,-213.0,-227.0,-241.0,-213.0,-199.0,-227.0
NO.517,1,-368.0,-384.0,-384.0,-325.0,-398.0,-398.0,-355.0,-354.0,-383.0,-282.0,-311.0,-383.0,-283.0,-325.0,-339.0,-297.0,-268.0,-311.0,-339.0,-384.0,-339.0,-369.0,-354.0,-369.0,-369.0,-354.0,-399.0,-339.0,-339.0,-339.0,-339.0,-339.0,-339.0,-339.0,-339.0,-339.0
NO.518,5,-114.0,-97.0,-130.0,-97.0,-125.0,-153.0,-119.0,-136.0,-176.0,-131.0,-204.0,-188.0,-171.0,-205.0,-141.0,-171.0,-159.0,-138.0,-171.0,-171.0,-171.0,-159.0,-165.0,-177.0,-118.0,-183.0,-171.0,-222.0,-142.0,-147.0,-142.0,-103.0,-135.0,-114.0,-90.0,-114.0
NO.519,5,-56.0,-56.0,-84.0,-56.0,-70.0,-84.0,-84.0,-84.0,-155.0,-142.0,-382.0,-282.0,-171.0,-284.0,-129.0,-171.0,-116.0,-84.0,-156.0,-99.0,-142.0,-113.0,-142.0,-171.0,-42.0,-141.0,-171.0,-368.0,-128.0,-127.0,-170.0,-69.0,-127.0,-84.0,-84.0,-84.0
NO.520,5,-153.0,-141.0,-188.0,-147.0,-159.0,-171.0,-171.0,-171.0,-171.0,-171.0,-130.0,-113.0,-193.0,-153.0,-136.0,-193.0,-176.0,-124.0,-130.0,-108.0,-103.0,-141.0,-114.0,-120.0,-165.0,-130.0,-119.0,-84.0,-142.0,-137.0,-84.0,-55.0,-113.0,-84.0,-84.0,-72.0
NO.521,2,-84.0,-83.0,-127.0,-84.0,-84.0,-83.0,-84.0,-70.0,-98.0,-84.0,-84.0,-84.0,-84.0,-84.0,-84.0,-84.0,-84.0,-84.0,-157.0,-200.0,-171.0,-185.0,-171.0,-171.0,-141.0,-98.0,-186.0,-69.0,-127.0,-142.0,-84.0,-55.0,-113.0,-84.0,-84.0,-55.0
NO.522,0,-255.0,-255.0,-255.0,-255.0,-255.0,-255.0,-255.0,-255.0,-255.0,-262.0,-258.0,-240.0,-283.0,-258.0,-259.0,-280.0,-277.0,-250.0,-255.0,-255.0,-255.0,-255.0,-255.0,-255.0,-255.0,-255.0,-255.0,-250.0,-248.0,-248.0,-243.0,-250.0,-240.0,-243.0,-239.0,-251.0
NO.523,0,-227.0,-255.0,-255.0,-213.0,-227.0,-269.0,-171.0,-213.0,-227.0,-185.0,-227.0,-255.0,-241.0,-269.0,-143.0,-241.0,-185.0,-199.0,-227.0,-255.0,-269.0,-227.0,-255.0,-255.0,-255.0,-213.0,-241.0,-213.0,-185.0,-199.0,-185.0,-157.0,-199.0,-171.0,-171.0,-171.0
NO.524,5,-185.0,-185.0,-241.0,-157.0,-185.0,-213.0,-171.0,-143.0,-199.0,-171.0,-171.0,-156.0,-171.0,-171.0,-127.0,-171.0,-171.0,-128.0,-185.0,-269.0,-269.0,-241.0,-241.0,-241.0,-199.0,-185.0,-213.0,-171.0,-142.0,-200.0,-84.0,-142.0,-171.0,-84.0,-113.0,-142.0
NO.525,5,-171.0,-175.0,-175.0,-171.0,-171.0,-175.0,-171.0,-167.0,-175.0,-171.0,-171.0,-171.0,-171.0,-171.0,-167.0,-171.0,-171.0,-163.0,-183.0,-199.0,-199.0,-179.0,-187.0,-195.0,-179.0,-175.0,-195.0,-179.0,-171.0,-163.0,-159.0,-155.0,-159.0,-155.0,-147.0,-159.0
NO.526,0,-189.0,-217.0,-256.0,-189.0,-237.0,-227.0,-218.0,-208.0,-236.0,-181.0,-199.0,-207.0,-228.0,-199.0,-191.0,-228.0,-209.0,-208.0,-255.0,-255.0,-255.0,-255.0,-255.0,-255.0,-255.0,-246.0,-264.0,-189.0,-200.0,-208.0,-162.0,-161.0,-208.0,-171.0,-171.0,-171.0
NO.527,0,-249.0,-249.0,-249.0,-243.0,-243.0,-267.0,-243.0,-249.0,-294.0,-243.0,-391.0,-356.0,-255.0,-328.0,-221.0,-255.0,-215.0,-177.0,-261.0,-255.0,-273.0,-255.0,-267.0,-261.0,-210.0,-267.0,-261.0,-397.0,-227.0,-277.0,-228.0,-221.0,-243.0,-171.0,-187.0,-221.0
NO.528,0,-208.0,-218.0,-217.0,-209.0,-199.0,-245.0,-181.0,-218.0,-218.0,-180.0,-161.0,-219.0,-208.0,-219.0,-190.0,-209.0,-199.0,-189.0,-246.0,-237.0,-246.0,-246.0,-237.0,-264.0,-237.0,-236.0,-265.0,-152.0,-190.0,-190.0,-171.0,-152.0,-190.0,-171.0,-171.0,-171.0
NO.529,5,-170.0,-171.0,-182.0,-166.0,-173.0,-183.0,-169.0,-172.0,-176.0,-178.0,-174.0,-162.0,-189.0,-178.0,-159.0,-183.0,-181.0,-169.0,-168.0,-171.0,-171.0,-172.0,-171.0,-171.0,-176.0,-171.0,-171.0,-166.0,-161.0,-171.0,-147.0,-147.0,-161.0,-147.0,-145.0,-149.0
NO.530,5,-236.0,-226.0,-236.0,-189.0,-208.0,-283.0,-124.0,-199.0,-199.0,-265.0,-190.0,-171.0,-255.0,-227.0,-199.0,-255.0,-255.0,-227.0,-218.0,-208.0,-180.0,-208.0,-180.0,-171.0,-245.0,-189.0,-162.0,-152.0,-208.0,-199.0,-171.0,-143.0,-199.0,-171.0,-171.0,-171.0
NO.531,5,-161.0,-165.0,-179.0,-161.0,-151.0,-190.0,-152.0,-157.0,-165.0,-203.0,-179.0,-162.0,-212.0,-185.0,-161.0,-208.0,-193.0,-189.0,-184.0,-184.0,-215.0,-170.0,-197.0,-184.0,-170.0,-147.0,-170.0,-166.0,-179.0,-160.0,-176.0,-152.0,-165.0,-166.0,-161.0,-166.0
NO.532,5,-171.0,-176.0,-186.0,-166.0,-171.0,-171.0,-171.0,-166.0,-171.0,-181.0,-176.0,-171.0,-176.0,-171.0,-166.0,-181.0,-171.0,-171.0,-166.0,-171.0,-171.0,-176.0,-171.0,-171.0,-176.0,-171.0,-171.0,-176.0,-176.0,-165.0,-171.0,-171.0,-165.0,-171.0,-171.0,-171.0
NO.533,0,-211.0,-227.0,-243.0,-251.0,-239.0,-243.0,-239.0,-243.0,-239.0,-211.0,-187.0,-207.0,-215.0,-219.0,-207.0,-207.0,-207.0,-191.0,-211.0,-207.0,-195.0,-227.0,-207.0,-207.0,-255.0,-227.0,-223.0,-163.0,-231.0,-271.0,-183.0,-199.0,-251.0,-187.0,-219.0,-215.0
NO.534,5,-174.0,-182.0,-182.0,-172.0,-173.0,-181.0,-174.0,-171.0,-180.0,-179.0,-199.0,-183.0,-206.0,-198.0,-178.0,-197.0,-185.0,-180.0,-170.0,-180.0,-174.0,-177.0,-174.0,-173.0,-166.0,-167.0,-173.0,-184.0,-166.0,-155.0,-185.0,-167.0,-158.0,-180.0,-172.0,-156.0
NO.535,2,-72.0,-84.0,-72.0,-79.0,-78.0,-84.0,-102.0,-73.0,-74.0,-130.0,-97.0,-84.0,-64.0,-79.0,-74.0,-69.0,-64.0,-79.0,-90.0,-126.0,-108.0,-102.0,-102.0,-96.0,-84.0,-90.0,-96.0,-84.0,-79.0,-68.0,-84.0,-74.0,-73.0,-79.0,-74.0,-73.0
NO.536,3,-42.0,-28.0,-77.0,7.0,-21.0,-49.0,0.0,21.0,-21.0,0.0,-56.0,-56.0,0.0,-35.0,42.0,0.0,35.0,-14.0,-84.0,-70.0,-77.0,-84.0,-77.0,-70.0,-77.0,-77.0,-70.0,-21.0,-28.0,-63.0,-7.0,28.0,-28.0,0.0,0.0,28.0
NO.537,2,-90.0,-87.0,-84.0,-75.0,-84.0,-84.0,-87.0,-79.0,-82.0,-104.0,-105.0,-89.0,-90.0,-97.0,-81.0,-88.0,-85.0,-73.0,-84.0,-84.0,-84.0,-84.0,-84.0,-84.0,-82.0,-82.0,-86.0,-88.0,-70.0,-72.0,-77.0,-72.0,-74.0,-68.0,-68.0,-76.0
NO.538,3,-6.0,-12.0,-8.0,-6.0,-6.0,-18.0,-10.0,-2.0,-27.0,-13.0,-61.0,-40.0,-14.0,-33.0,2.0,-10.0,4.0,0.0,-1.0,-8.0,-3.0,-13.0,1.0,-4.0,6.0,-7.0,-6.0,-48.0,-6.0,-6.0,-20.0,5.0,-5.0,0.0,0.0,1.0
NO.539,2,-80.0,-88.0,-93.0,-76.0,-78.0,-98.0,-83.0,-80.0,-98.0,-86.0,-140.0,-113.0,-104.0,-120.0,-88.0,-99.0,-82.0,-75.0,-101.0,-115.0,-111.0,-103.0,-107.0,-105.0,-71.0,-95.0,-112.0,-133.0,-85.0,-80.0,-106.0,-82.0,-80.0,-84.0,-84.0,-80.0
NO.540,3,0.0,-7.0,0.0,0.0,7.0,-14.0,0.0,0.0,7.0,0.0,-28.0,-35.0,-14.0,-35.0,14.0,-14.0,0.0,-28.0,0.0,0.0,0.0,0.0,0.0,0.0,-7.0,0.0,7.0,-49.0,-28.0,-7.0,-21.0,-7.0,-14.0,-21.0,-14.0,-7.0
NO.541,2,-80.0,-90.0,-67.0,-96.0,-84.0,-90.0,-96.0,-90.0,-91.0,-79.0,-62.0,-49.0,-74.0,-67.0,-96.0,-56.0,-80.0,-96.0,-33.0,-12.0,-6.0,-29.0,-12.0,6.0,-85.0,-34.0,16.0,-67.0,-62.0,-34.0,-84.0,-34.0,-50.0,-73.0,-39.0,-45.0
NO.542,3,-39.0,-61.0,-50.0,-42.0,-17.0,-50.0,-42.0,-18.0,-22.0,-52.0,-28.0,-8.0,0.0,0.0,0.0,0.0,0.0,0.0,-42.0,-32.0,-47.0,-42.0,-40.0,-35.0,-22.0,-42.0,-47.0,7.0,-7.0,-7.0,0.0,7.0,-7.0,0.0,0.0,0.0
NO.543,0,-199.0,-241.0,-255.0,-227.0,-255.0,-255.0,-283.0,-241.0,-255.0,-297.0,-241.0,-241.0,-255.0,-255.0,-227.0,-255.0,-283.0,-227.0,-227.0,-283.0,-255.0,-255.0,-255.0,-255.0,-255.0,-199.0,-255.0,-171.0,-199.0,-171.0,-185.0,-185.0,-171.0,-171.0,-171.0,-171.0
NO.544,7,-255.0,-259.0,-255.0,-255.0,-251.0,-267.0,-255.0,-255.0,-255.0,-287.0,-267.0,-211.0,-363.0,-275.0,-279.0,-323.0,-335.0,-295.0,-267.0,-267.0,-263.0,-271.0,-267.0,-267.0,-275.0,-271.0,-279.0,-243.0,-263.0,-263.0,-255.0,-251.0,-263.0,-255.0,-255.0,-255.0
NO.545,5,-167.0,-175.0,-165.0,-171.0,-166.0,-185.0,-179.0,-163.0,-175.0,-183.0,-179.0,-167.0,-187.0,-175.0,-171.0,-183.0,-173.0,-179.0,-186.0,-260.0,-230.0,-222.0,-217.0,-180.0,-175.0,-171.0,-180.0,-171.0,-171.0,-166.0,-171.0,-166.0,-161.0,-166.0,-156.0,-171.0
NO.546,1,-339.0,-339.0,-339.0,-339.0,-339.0,-342.0,-339.0,-339.0,-361.0,-339.0,-397.0,-373.0,-339.0,-367.0,-342.0,-339.0,-329.0,-324.0,-339.0,-345.0,-342.0,-339.0,-342.0,-345.0,-317.0,-339.0,-342.0,-396.0,-339.0,-339.0,-361.0,-339.0,-339.0,-336.0,-339.0,-339.0
NO.547,0,-227.0,-255.0,-269.0,-241.0,-227.0,-241.0,-213.0,-171.0,-213.0,-283.0,-199.0,-185.0,-255.0,-255.0,-269.0,-255.0,-269.0,-241.0,-227.0,-241.0,-297.0,-227.0,-269.0,-241.0,-255.0,-213.0,-227.0,-199.0,-241.0,-227.0,-255.0,-255.0,-227.0,-255.0,-255.0,-255.0
NO.548,0,-219.0,-231.0,-243.0,-219.0,-215.0,-211.0,-207.0,-203.0,-199.0,-247.0,-187.0,-191.0,-259.0,-235.0,-215.0,-255.0,-267.0,-231.0,-259.0,-235.0,-239.0,-239.0,-235.0,-223.0,-207.0,-219.0,-239.0,-175.0,-199.0,-219.0,-179.0,-187.0,-227.0,-191.0,-199.0,-199.0
NO.549,1,-333.0,-337.0,-336.0,-337.0,-339.0,-339.0,-339.0,-339.0,-339.0,-339.0,-293.0,-316.0,-339.0,-318.0,-292.0,-339.0,-341.0,-308.0,-338.0,-352.0,-342.0,-345.0,-342.0,-339.0,-344.0,-326.0,-346.0,-291.0,-295.0,-325.0,-249.0,-278.0,-312.0,-261.0,-265.0,-290.0
NO.550,1,-339.0,-339.0,-341.0,-339.0,-339.0,-339.0,-339.0,-339.0,-339.0,-339.0,-309.0,-324.0,-339.0,-332.0,-325.0,-339.0,-347.0,-332.0,-339.0,-336.0,-346.0,-337.0,-343.0,-342.0,-339.0,-339.0,-342.0,-309.0,-332.0,-344.0,-303.0,-322.0,-327.0,-318.0,-305.0,-322.0
NO.551,7,-273.0,-245.0,-265.0,-255.0,-255.0,-236.0,-255.0,-255.0,-255.0,-264.0,-264.0,-246.0,-301.0,-264.0,-245.0,-302.0,-273.0,-264.0,-283.0,-339.0,-359.0,-311.0,-321.0,-274.0,-255.0,-255.0,-274.0,-274.0,-274.0,-255.0,-255.0,-255.0,-255.0,-255.0,-255.0,-255.0
NO.552,1,-339.0,-339.0,-339.0,-339.0,-339.0,-339.0,-339.0,-339.0,-339.0,-339.0,-339.0,-339.0,-339.0,-339.0,-339.0,-339.0,-324.0,-339.0,-339.0,-339.0,-339.0,-339.0,-339.0,-339.0,-339.0,-339.0,-339.0,-339.0,-339.0,-339.0,-339.0,-339.0,-339.0,-339.0,-339.0,-339.0
NO.553,1,-339.0,-339.0,-360.0,-339.0,-339.0,-346.0,-332.0,-325.0,-336.0,-346.0,-262.0,-255.0,-347.0,-302.0,-340.0,-347.0,-368.0,-308.0,-336.0,-276.0,-318.0,-315.0,-318.0,-339.0,-360.0,-339.0,-339.0,-259.0,-319.0,-353.0,-260.0,-315.0,-329.0,-288.0,-291.0,-319.0
NO.554,4,-340.0,-383.0,-427.0,-324.0,-355.0,-398.0,-354.0,-369.0,-340.0,-354.0,-311.0,-355.0,-384.0,-369.0,-340.0,-384.0,-398.0,-341.0,-426.0,-426.0,-426.0,-426.0,-426.0,-440.0,-441.0,-454.0,-454.0,-355.0,-426.0,-454.0,-341.0,-398.0,-440.0,-369.0,-412.0,-398.0
NO.555,1,-339.0,-339.0,-339.0,-339.0,-339.0,-339.0,-339.0,-339.0,-333.0,-343.0,-259.0,-253.0,-363.0,-313.0,-379.0,-355.0,-395.0,-317.0,-329.0,-341.0,-333.0,-335.0,-333.0,-331.0,-349.0,-331.0,-325.0,-251.0,-327.0,-341.0,-293.0,-325.0,-333.0,-321.0,-317.0,-325.0
NO.556,1,-321.0,-321.0,-339.0,-321.0,-330.0,-339.0,-339.0,-339.0,-339.0,-339.0,-283.0,-311.0,-339.0,-330.0,-330.0,-339.0,-358.0,-348.0,-330.0,-348.0,-339.0,-339.0,-339.0,-339.0,-358.0,-321.0,-339.0,-274.0,-311.0,-292.0,-311.0,-292.0,-302.0,-339.0,-302.0,-292.0
NO.557,1,-339.0,-343.0,-342.0,-339.0,-332.0,-363.0,-339.0,-339.0,-345.0,-361.0,-305.0,-298.0,-418.0,-361.0,-357.0,-386.0,-408.0,-365.0,-345.0,-342.0,-339.0,-345.0,-339.0,-339.0,-342.0,-339.0,-339.0,-299.0,-362.0,-352.0,-330.0,-326.0,-352.0,-339.0,-339.0,-339.0
NO.558,7,-282.0,-301.0,-320.0,-282.0,-282.0,-301.0,-273.0,-245.0,-292.0,-320.0,-245.0,-209.0,-348.0,-274.0,-330.0,-339.0,-367.0,-283.0,-330.0,-330.0,-348.0,-321.0,-339.0,-339.0,-329.0,-330.0,-331.0,-208.0,-283.0,-311.0,-255.0,-254.0,-302.0,-255.0,-264.0,-292.0
NO.559,0,-255.0,-255.0,-246.0,-255.0,-255.0,-255.0,-255.0,-255.0,-255.0,-255.0,-246.0,-246.0,-255.0,-246.0,-273.0,-255.0,-255.0,-246.0,-255.0,-282.0,-264.0,-264.0,-264.0,-255.0,-255.0,-255.0,-255.0,-246.0,-255.0,-246.0,-255.0,-255.0,-246.0,-255.0,-255.0,-246.0
NO.560,3,-6.0,-19.0,-22.0,-11.0,-6.0,-26.0,-6.0,0.0,-13.0,-20.0,-5.0,0.0,-13.0,-10.0,-7.0,-8.0,-10.0,-8.0,-52.0,-70.0,-51.0,-58.0,-51.0,-35.0,-42.0,-31.0,-36.0,2.0,-22.0,-18.0,3.0,12.0,-18.0,0.0,0.0,0.0
NO.561,2,-70.0,-84.0,-84.0,-84.0,-84.0,-84.0,-98.0,-42.0,-84.0,-126.0,-56.0,-70.0,-112.0,-126.0,-70.0,-112.0,-112.0,-84.0,-84.0,-84.0,-84.0,-84.0,-84.0,-84.0,-84.0,-84.0,-84.0,-42.0,-70.0,-84.0,-70.0,-84.0,-84.0,-84.0,-84.0,-84.0
NO.562,3,0.0,9.0,10.0,9.0,0.0,9.0,0.0,0.0,0.0,-18.0,-9.0,0.0,0.0,0.0,0.0,0.0,0.0,0.0,-9.0,-84.0,-28.0,-37.0,-28.0,0.0,-19.0,19.0,0.0,0.0,-18.0,-9.0,0.0,9.0,-9.0,0.0,0.0,0.0
NO.563,2,-62.0,-76.0,-84.0,-71.0,-70.0,-89.0,-103.0,-67.0,-85.0,-151.0,-85.0,-52.0,-84.0,-84.0,-90.0,-94.0,-94.0,-72.0,-84.0,-84.0,-84.0,-84.0,-84.0,-84.0,-93.0,-89.0,-75.0,-46.0,-76.0,-65.0,-63.0,-37.0,-70.0,-62.0,-42.0,-57.0
NO.564,3,-16.0,-19.0,-16.0,-11.0,-7.0,-11.0,-9.0,-9.0,-7.0,3.0,-3.0,-3.0,-6.0,-6.0,0.0,-6.0,-3.0,0.0,-9.0,-8.0,-3.0,-8.0,-3.0,0.0,-12.0,-6.0,3.0,-1.0,-8.0,-18.0,3.0,-1.0,-8.0,0.0,3.0,-1.0
NO.565,3,-18.0,0.0,-18.0,0.0,-18.0,-18.0,-6.0,-6.0,-12.0,0.0,0.0,0.0,-6.0,0.0,6.0,-12.0,0.0,0.0,-17.0,5.0,-12.0,-6.0,-12.0,-18.0,-18.0,-28.0,-18.0,-6.0,-12.0,-24.0,6.0,-6.0,-12.0,0.0,6.0,-6.0
NO.566,2,-103.0,-122.0,-99.0,-106.0,-92.0,-123.0,-115.0,-89.0,-110.0,-138.0,-105.0,-86.0,-113.0,-104.0,-96.0,-100.0,-104.0,-97.0,-79.0,-76.0,-80.0,-87.0,-83.0,-78.0,-105.0,-88.0,-84.0,-79.0,-83.0,-64.0,-79.0,-47.0,-67.0,-76.0,-54.0,-54.0
NO.567,2,-56.0,-112.0,-98.0,-98.0,-56.0,-126.0,-98.0,-98.0,-98.0,-126.0,-98.0,-112.0,-126.0,-112.0,-98.0,-126.0,-126.0,-112.0,-84.0,-98.0,-126.0,-84.0,-112.0,-98.0,-84.0,-84.0,-98.0,-84.0,-70.0,-56.0,-84.0,-56.0,-70.0,-84.0,-70.0,-56.0
NO.568,3,-2.0,-12.0,-4.0,-2.0,-2.0,-15.0,-2.0,2.0,-5.0,-6.0,-4.0,2.0,-10.0,-6.0,-2.0,-6.0,-6.0,-2.0,0.0,2.0,0.0,0.0,0.0,0.0,-8.0,-4.0,0.0,0.0,0.0,-4.0,2.0,0.0,-4.0,0.0,0.0,0.0
NO.569,2,-80.0,-88.0,-84.0,-84.0,-76.0,-92.0,-88.0,-64.0,-76.0,-104.0,-72.0,-52.0,-92.0,-64.0,-92.0,-88.0,-96.0,-104.0,-84.0,-92.0,-96.0,-84.0,-92.0,-88.0,-88.0,-84.0,-88.0,-48.0,-72.0,-56.0,-72.0,-56.0,-56.0,-84.0,-56.0,-56.0
NO.570,2,-80.0,-98.0,-92.0,-80.0,-78.0,-106.0,-84.0,-86.0,-80.0,-108.0,-95.0,-88.0,-106.0,-102.0,-106.0,-102.0,-101.0,-96.0,-80.0,-88.0,-91.0,-85.0,-88.0,-80.0,-104.0,-80.0,-75.0,-63.0,-76.0,-71.0,-74.0,-61.0,-71.0,-89.0,-68.0,-57.0
NO.571,3,-1.0,-6.0,-6.0,1.0,0.0,-11.0,-3.0,1.0,-1.0,-9.0,-20.0,-26.0,-11.0,-28.0,-26.0,-9.0,-15.0,-33.0,-11.0,-7.0,-9.0,-9.0,-9.0,-9.0,-12.0,-15.0,-9.0,-11.0,-10.0,-8.0,-9.0,-2.0,-11.0,-24.0,-7.0,-3.0
NO.572,2,-70.0,-77.0,-84.0,-70.0,-70.0,-105.0,-84.0,-84.0,-84.0,-84.0,-91.0,-91.0,-84.0,-98.0,-112.0,-84.0,-84.0,-98.0,-84.0,-84.0,-84.0,-84.0,-84.0,-84.0,-84.0,-84.0,-84.0,-35.0,-77.0,-77.0,-56.0,-49.0,-70.0,-84.0,-63.0,-49.0
NO.573,3,-2.0,-1.0,0.0,0.0,0.0,0.0,0.0,0.0,0.0,-2.0,-2.0,-1.0,-4.0,-3.0,-2.0,-3.0,-1.0,-3.0,-1.0,-3.0,0.0,-1.0,0.0,-3.0,1.0,-1.0,-2.0,0.0,-6.0,-8.0,1.0,3.0,-3.0,-1.0,1.0,3.0
NO.574,2,-96.0,-96.0,-79.0,-108.0,-102.0,-85.0,-102.0,-102.0,-96.0,-119.0,-91.0,-95.0,-124.0,-111.0,-114.0,-106.0,-119.0,-96.0,-74.0,-84.0,-74.0,-79.0,-74.0,-69.0,-81.0,-69.0,-69.0,-45.0,-79.0,-79.0,-67.0,-84.0,-79.0,-84.0,-84.0,-79.0
NO.575,3,-12.0,-28.0,0.0,-40.0,4.0,0.0,-36.0,-8.0,-12.0,-120.0,-64.0,-12.0,-146.0,-114.0,-60.0,-122.0,-117.0,-80.0,0.0,-4.0,-12.0,0.0,-8.0,-12.0,0.0,-8.0,-20.0,16.0,-8.0,-8.0,-4.0,16.0,-8.0,-20.0,-4.0,8.0
NO.576,2,-84.0,-84.0,-84.0,-84.0,-84.0,-84.0,-84.0,-84.0,-84.0,-84.0,-98.0,-112.0,-84.0,-112.0,-112.0,-84.0,-98.0,-112.0,-84.0,-84.0,-84.0,-84.0,-84.0,-84.0,-84.0,-84.0,-84.0,-84.0,-84.0,-56.0,-70.0,-84.0,-56.0,-98.0,-70.0,-70.0
NO.577,2,-108.0,-110.0,-125.0,-85.0,-102.0,-117.0,-80.0,-78.0,-92.0,-84.0,-85.0,-88.0,-98.0,-109.0,-113.0,-98.0,-95.0,-92.0,-131.0,-161.0,-154.0,-134.0,-146.0,-146.0,-126.0,-132.0,-145.0,-57.0,-112.0,-92.0,-77.0,-63.0,-81.0,-88.0,-66.0,-67.0
NO.578,5,-171.0,-171.0,-171.0,-171.0,-171.0,-171.0,-171.0,-171.0,-171.0,-171.0,-142.0,-200.0,-189.0,-218.0,-171.0,-179.0,-199.0,-181.0,-171.0,-171.0,-171.0,-171.0,-171.0,-171.0,-171.0,-171.0,-171.0,-85.0,-161.0,-189.0,-104.0,-95.0,-141.0,-152.0,-94.0,-104.0
NO.579,5,-171.0,-171.0,-157.0,-171.0,-171.0,-171.0,-171.0,-171.0,-171.0,-199.0,-255.0,-213.0,-227.0,-241.0,-269.0,-199.0,-227.0,-283.0,-171.0,-213.0,-185.0,-185.0,-185.0,-171.0,-171.0,-171.0,-171.0,-157.0,-185.0,-142.0,-185.0,-143.0,-142.0,-227.0,-171.0,-142.0
NO.580,2,-66.0,-94.0,-123.0,-84.0,-75.0,-103.0,-84.0,-74.0,-85.0,-18.0,-19.0,-65.0,-9.0,-27.0,-9.0,-18.0,-9.0,0.0,-94.0,-95.0,-84.0,-113.0,-94.0,-104.0,-133.0,-132.0,-114.0,-37.0,-85.0,-113.0,-37.0,-66.0,-85.0,-28.0,-47.0,-66.0
NO.581,2,-84.0,-84.0,-91.0,-84.0,-84.0,-84.0,-84.0,-84.0,-84.0,-77.0,-49.0,-98.0,-84.0,-112.0,-77.0,-84.0,-91.0,-70.0,-84.0,-70.0,-70.0,-77.0,-77.0,-84.0,-91.0,-77.0,-77.0,0.0,-42.0,-28.0,-14.0,14.0,-28.0,-28.0,0.0,-7.0
NO.582,2,-35.0,-28.0,-49.0,-35.0,-35.0,-49.0,-14.0,-56.0,-35.0,0.0,-42.0,-77.0,-7.0,-49.0,-70.0,-7.0,-35.0,-63.0,-98.0,-63.0,-77.0,-84.0,-77.0,-70.0,-70.0,-98.0,-77.0,-70.0,-91.0,-63.0,-84.0,-84.0,-63.0,-84.0,-84.0,-63.0
NO.583,3,-3.0,-5.0,-2.0,-4.0,-2.0,-6.0,-2.0,-3.0,0.0,-1.0,-1.0,-2.0,-7.0,-6.0,-12.0,-6.0,-10.0,-14.0,-4.0,2.0,-1.0,-5.0,-2.0,-12.0,-17.0,-21.0,-4.0,-4.0,-35.0,-55.0,-15.0,-4.0,-32.0,-14.0,-7.0,-10.0
NO.584,2,-121.0,-85.0,-119.0,-63.0,-115.0,-107.0,-74.0,-80.0,-98.0,-50.0,-33.0,-48.0,-84.0,-63.0,-84.0,-68.0,-95.0,-80.0,-79.0,-79.0,-88.0,-107.0,-89.0,-79.0,-130.0,-114.0,-96.0,-52.0,-85.0,-96.0,-46.0,-58.0,-90.0,-69.0,-57.0,-57.0
NO.585,3,-20.0,-28.0,-80.0,4.0,-20.0,-44.0,-8.0,8.0,-32.0,4.0,0.0,-8.0,-8.0,-8.0,-4.0,-8.0,-4.0,-8.0,-72.0,-44.0,-32.0,-68.0,-52.0,-60.0,-92.0,-76.0,-80.0,16.0,-28.0,-32.0,-4.0,16.0,-36.0,-8.0,-4.0,-8.0
NO.586,2,-70.0,-91.0,-84.0,-91.0,-84.0,-98.0,-98.0,-84.0,-105.0,-98.0,-63.0,-84.0,-84.0,-84.0,-98.0,-84.0,-91.0,-70.0,-84.0,-84.0,-84.0,-84.0,-84.0,-84.0,-84.0,-84.0,-84.0,-70.0,-84.0,-56.0,-84.0,-77.0,-49.0,-84.0,-70.0,-63.0
NO.587,5,-141.0,-151.0,-161.0,-131.0,-141.0,-151.0,-141.0,-131.0,-151.0,-181.0,-151.0,-141.0,-171.0,-171.0,-171.0,-171.0,-181.0,-171.0,-180.0,-198.0,-171.0,-189.0,-180.0,-189.0,-180.0,-162.0,-198.0,-170.0,-180.0,-171.0,-171.0,-171.0,-171.0,-171.0,-171.0,-171.0
NO.588,2,-84.0,-89.0,-89.0,-90.0,-79.0,-93.0,-89.0,-82.0,-81.0,-102.0,-78.0,-66.0,-96.0,-82.0,-104.0,-88.0,-103.0,-84.0,-89.0,-92.0,-82.0,-93.0,-82.0,-82.0,-90.0,-82.0,-90.0,-74.0,-85.0,-61.0,-82.0,-66.0,-62.0,-83.0,-68.0,-60.0
NO.589,3,-4.0,-22.0,-20.0,-2.0,-8.0,-26.0,-12.0,-4.0,-14.0,-12.0,-8.0,-2.0,-6.0,-2.0,-2.0,-2.0,-4.0,-2.0,6.0,-10.0,0.0,-14.0,-2.0,-8.0,-24.0,-6.0,-12.0,0.0,-8.0,-8.0,0.0,4.0,-4.0,0.0,0.0,4.0
NO.590,3,0.0,1.0,0.0,0.0,1.0,-1.0,-4.0,0.0,-1.0,-9.0,-3.0,-1.0,1.0,-1.0,-1.0,0.0,0.0,0.0,0.0,0.0,0.0,0.0,0.0,0.0,-1.0,-1.0,1.0,-5.0,-7.0,-3.0,-1.0,0.0,-3.0,1.0,-1.0,0.0
NO.591,2,-96.0,-100.0,-100.0,-112.0,-84.0,-100.0,-104.0,-96.0,-104.0,-104.0,-100.0,-96.0,-84.0,-96.0,-116.0,-84.0,-96.0,-96.0,-84.0,-84.0,-56.0,-96.0,-68.0,-44.0,-108.0,-68.0,-48.0,4.0,-60.0,-56.0,-20.0,12.0,-44.0,-64.0,-20.0,-4.0
NO.592,3,0.0,2.0,0.0,-2.0,2.0,0.0,-6.0,-2.0,0.0,-26.0,-28.0,-20.0,-32.0,-42.0,-34.0,-22.0,-26.0,-42.0,0.0,0.0,0.0,-4.0,4.0,0.0,0.0,0.0,0.0,2.0,-8.0,-12.0,-2.0,-2.0,-10.0,-22.0,-2.0,-2.0
NO.593,5,-192.0,-207.0,-157.0,-227.0,-178.0,-178.0,-206.0,-185.0,-192.0,-262.0,-141.0,-121.0,-199.0,-170.0,-204.0,-192.0,-220.0,-149.0,-69.0,-77.0,-84.0,-84.0,-91.0,-84.0,-149.0,-91.0,-84.0,-70.0,-70.0,-49.0,-77.0,-49.0,-56.0,-91.0,-49.0,-49.0
NO.594,5,-255.0,-262.0,-256.0,-255.0,-255.0,-276.0,-255.0,-262.0,-227.0,-255.0,-170.0,-140.0,-255.0,-198.0,-228.0,-255.0,-270.0,-213.0,-150.0,-126.0,-156.0,-156.0,-156.0,-171.0,-213.0,-171.0,-171.0,-127.0,-171.0,-171.0,-156.0,-171.0,-171.0,-171.0,-171.0,-171.0
NO.595,5,-178.0,-192.0,-157.0,-171.0,-157.0,-192.0,-171.0,-178.0,-150.0,-206.0,-142.0,-106.0,-255.0,-198.0,-207.0,-241.0,-256.0,-199.0,-112.0,-115.0,-134.0,-136.0,-126.0,-70.0,-164.0,-120.0,-69.0,-106.0,-157.0,-142.0,-142.0,-142.0,-134.0,-164.0,-127.0,-149.0
NO.596,2,-123.0,-142.0,-114.0,-113.0,-86.0,-152.0,-133.0,-94.0,-75.0,-200.0,-113.0,-84.0,-171.0,-161.0,-142.0,-180.0,-190.0,-134.0,-84.0,-114.0,-94.0,-104.0,-94.0,-84.0,-104.0,-84.0,-84.0,-65.0,-113.0,-84.0,-114.0,-75.0,-94.0,-104.0,-94.0,-104.0
NO.597,0,-255.0,-268.0,-263.0,-250.0,-252.0,-273.0,-255.0,-250.0,-257.0,-286.0,-216.0,-185.0,-309.0,-252.0,-280.0,-288.0,-320.0,-262.0,-252.0,-255.0,-255.0,-255.0,-255.0,-255.0,-266.0,-258.0,-255.0,-200.0,-255.0,-237.0,-219.0,-235.0,-232.0,-230.0,-230.0,-237.0
NO.598,5,-171.0,-171.0,-171.0,-171.0,-171.0,-171.0,-171.0,-171.0,-171.0,-171.0,-159.0,-141.0,-171.0,-159.0,-183.0,-171.0,-178.0,-171.0,-171.0,-171.0,-171.0,-171.0,-171.0,-171.0,-171.0,-171.0,-171.0,-141.0,-136.0,-119.0,-159.0,-148.0,-141.0,-165.0,-158.0,-131.0
NO.599,5,-171.0,-171.0,-168.0,-171.0,-171.0,-174.0,-171.0,-171.0,-174.0,-182.0,-164.0,-122.0,-218.0,-173.0,-146.0,-204.0,-208.0,-144.0,-165.0,-177.0,-183.0,-171.0,-177.0,-168.0,-156.0,-165.0,-177.0,-90.0,-110.0,-134.0,-84.0,-82.0,-128.0,-93.0,-90.0,-102.0
NO.600,5,-168.0,-168.0,-178.0,-166.0,-173.0,-178.0,-171.0,-173.0,-169.0,-174.0,-132.0,-152.0,-179.0,-169.0,-182.0,-180.0,-196.0,-158.0,-167.0,-156.0,-163.0,-163.0,-163.0,-165.0,-173.0,-171.0,-165.0,-136.0,-166.0,-148.0,-154.0,-160.0,-150.0,-165.0,-163.0,-145.0
NO.601,2,-84.0,-84.0,-84.0,-77.0,-84.0,-84.0,-84.0,-84.0,-84.0,-98.0,-91.0,-84.0,-84.0,-84.0,-84.0,-84.0,-77.0,-84.0,-84.0,-84.0,-84.0,-84.0,-84.0,-84.0,-84.0,-84.0,-84.0,-91.0,-63.0,-42.0,-84.0,-77.0,-70.0,-84.0,-98.0,-56.0
NO.602,5,-236.0,-247.0,-217.0,-265.0,-246.0,-199.0,-264.0,-246.0,-237.0,-264.0,-189.0,-161.0,-282.0,-226.0,-217.0,-264.0,-292.0,-180.0,-198.0,-162.0,-171.0,-189.0,-180.0,-180.0,-189.0,-198.0,-180.0,-133.0,-151.0,-123.0,-114.0,-105.0,-123.0,-114.0,-114.0,-114.0
NO.603,2,-84.0,-84.0,-77.0,-86.0,-93.0,-96.0,-97.0,-86.0,-87.0,-101.0,-60.0,-59.0,-96.0,-77.0,-110.0,-97.0,-115.0,-79.0,-90.0,-115.0,-106.0,-100.0,-102.0,-94.0,-87.0,-90.0,-100.0,-55.0,-94.0,-88.0,-87.0,-74.0,-94.0,-93.0,-87.0,-81.0
NO.604,2,-74.0,-104.0,-124.0,-74.0,-94.0,-104.0,-94.0,-74.0,-84.0,-104.0,-94.0,-84.0,-84.0,-84.0,-103.0,-84.0,-74.0,-122.0,-104.0,-84.0,-104.0,-94.0,-104.0,-114.0,-132.0,-123.0,-114.0,-93.0,-151.0,-132.0,-122.0,-112.0,-113.0,-132.0,-94.0,-131.0
NO.605,5,-162.0,-171.0,-186.0,-165.0,-168.0,-189.0,-174.0,-171.0,-168.0,-177.0,-114.0,-111.0,-183.0,-151.0,-148.0,-183.0,-199.0,-145.0,-177.0,-168.0,-168.0,-180.0,-171.0,-171.0,-193.0,-186.0,-177.0,-110.0,-184.0,-148.0,-136.0,-140.0,-129.0,-120.0,-98.0,-164.0
NO.606,2,-75.0,-65.0,-94.0,-66.0,-74.0,-75.0,-57.0,-57.0,-56.0,-113.0,-66.0,-46.0,-124.0,-84.0,-113.0,-114.0,-133.0,-85.0,-181.0,-274.0,-199.0,-199.0,-199.0,-171.0,-142.0,-133.0,-171.0,-65.0,-171.0,-171.0,-84.0,-113.0,-142.0,-84.0,-113.0,-142.0
NO.607,5,-164.0,-157.0,-164.0,-150.0,-157.0,-178.0,-136.0,-157.0,-164.0,-192.0,-127.0,-129.0,-192.0,-171.0,-207.0,-178.0,-214.0,-156.0,-178.0,-185.0,-178.0,-185.0,-178.0,-185.0,-185.0,-185.0,-199.0,-121.0,-185.0,-206.0,-164.0,-157.0,-192.0,-171.0,-171.0,-157.0
NO.608,0,-213.0,-227.0,-213.0,-199.0,-199.0,-241.0,-213.0,-213.0,-199.0,-255.0,-198.0,-155.0,-255.0,-198.0,-229.0,-213.0,-242.0,-198.0,-227.0,-241.0,-213.0,-241.0,-227.0,-241.0,-283.0,-255.0,-255.0,-156.0,-171.0,-199.0,-157.0,-171.0,-199.0,-171.0,-171.0,-171.0
NO.609,2,-70.0,-84.0,-83.0,-63.0,-63.0,-63.0,-28.0,-14.0,-42.0,0.0,0.0,-7.0,0.0,0.0,-35.0,0.0,0.0,-49.0,-149.0,-192.0,-214.0,-127.0,-178.0,-171.0,-84.0,-98.0,-127.0,-42.0,-91.0,-84.0,-63.0,-84.0,-84.0,-84.0,-84.0,-84.0
NO.610,2,-78.0,-105.0,-93.0,-82.0,-75.0,-90.0,-69.0,-59.0,-70.0,-79.0,-56.0,-56.0,-90.0,-78.0,-96.0,-80.0,-87.0,-84.0,-94.0,-119.0,-114.0,-101.0,-106.0,-113.0,-87.0,-97.0,-114.0,-62.0,-97.0,-82.0,-94.0,-84.0,-87.0,-94.0,-89.0,-92.0
NO.611,5,-195.0,-209.0,-193.0,-188.0,-187.0,-189.0,-169.0,-166.0,-175.0,-182.0,-136.0,-119.0,-197.0,-166.0,-195.0,-191.0,-215.0,-174.0,-162.0,-157.0,-162.0,-164.0,-162.0,-162.0,-173.0,-172.0,-159.0,-125.0,-173.0,-166.0,-152.0,-166.0,-161.0,-168.0,-158.0,-167.0
NO.612,2,-109.0,-80.0,-89.0,-113.0,-93.0,-105.0,-140.0,-128.0,-104.0,-136.0,-94.0,-81.0,-130.0,-103.0,-90.0,-122.0,-127.0,-99.0,-95.0,-71.0,-75.0,-85.0,-79.0,-62.0,-88.0,-80.0,-71.0,-71.0,-80.0,-75.0,-71.0,-71.0,-66.0,-62.0,-53.0,-84.0
NO.613,2,-75.0,-85.0,-86.0,-62.0,-72.0,-90.0,-71.0,-64.0,-70.0,-110.0,-66.0,-59.0,-105.0,-92.0,-94.0,-102.0,-111.0,-94.0,-83.0,-101.0,-95.0,-91.0,-94.0,-88.0,-96.0,-86.0,-88.0,-48.0,-86.0,-78.0,-82.0,-80.0,-80.0,-88.0,-86.0,-83.0
NO.614,0,-180.0,-190.0,-227.0,-153.0,-198.0,-199.0,-171.0,-152.0,-209.0,-208.0,-199.0,-152.0,-256.0,-199.0,-190.0,-246.0,-237.0,-238.0,-246.0,-228.0,-246.0,-237.0,-246.0,-255.0,-265.0,-246.0,-264.0,-180.0,-228.0,-189.0,-219.0,-189.0,-190.0,-209.0,-181.0,-218.0
NO.615,5,-183.0,-189.0,-181.0,-180.0,-171.0,-177.0,-171.0,-171.0,-165.0,-230.0,-158.0,-139.0,-255.0,-208.0,-218.0,-252.0,-265.0,-212.0,-132.0,-110.0,-123.0,-141.0,-132.0,-105.0,-180.0,-156.0,-123.0,-133.0,-190.0,-193.0,-168.0,-152.0,-193.0,-171.0,-171.0,-171.0
NO.616,5,-162.0,-189.0,-198.0,-171.0,-180.0,-208.0,-171.0,-171.0,-199.0,-171.0,-114.0,-123.0,-171.0,-152.0,-218.0,-171.0,-209.0,-143.0,-171.0,-198.0,-180.0,-189.0,-180.0,-171.0,-189.0,-171.0,-171.0,-132.0,-180.0,-142.0,-161.0,-161.0,-132.0,-171.0,-151.0,-152.0
NO.617,5,-178.0,-178.0,-227.0,-164.0,-178.0,-227.0,-171.0,-185.0,-192.0,-157.0,-192.0,-220.0,-178.0,-178.0,-157.0,-185.0,-164.0,-199.0,-255.0,-234.0,-248.0,-241.0,-255.0,-255.0,-276.0,-255.0,-255.0,-199.0,-199.0,-213.0,-178.0,-171.0,-220.0,-185.0,-178.0,-185.0
NO.618,5,-171.0,-171.0,-185.0,-171.0,-157.0,-185.0,-171.0,-171.0,-157.0,-213.0,-199.0,-143.0,-269.0,-199.0,-185.0,-213.0,-227.0,-213.0,-199.0,-185.0,-171.0,-199.0,-171.0,-171.0,-185.0,-171.0,-171.0,-157.0,-185.0,-185.0,-171.0,-157.0,-185.0,-171.0,-171.0,-171.0
NO.619,5,-185.0,-214.0,-212.0,-157.0,-213.0,-256.0,-171.0,-171.0,-199.0,-269.0,-170.0,-141.0,-255.0,-227.0,-170.0,-255.0,-284.0,-198.0,-98.0,-111.0,-126.0,-154.0,-112.0,-126.0,-213.0,-171.0,-126.0,-142.0,-185.0,-255.0,-128.0,-185.0,-227.0,-156.0,-157.0,-185.0
NO.620,5,-156.0,-126.0,-156.0,-141.0,-156.0,-171.0,-171.0,-171.0,-171.0,-171.0,-127.0,-143.0,-171.0,-157.0,-214.0,-171.0,-200.0,-142.0,-171.0,-171.0,-171.0,-171.0,-171.0,-171.0,-171.0,-171.0,-171.0,-113.0,-142.0,-142.0,-171.0,-156.0,-127.0,-171.0,-141.0,-142.0
NO.621,7,-264.0,-273.0,-291.0,-246.0,-264.0,-273.0,-255.0,-246.0,-264.0,-255.0,-227.0,-180.0,-255.0,-227.0,-255.0,-255.0,-283.0,-227.0,-274.0,-339.0,-273.0,-330.0,-273.0,-320.0,-292.0,-311.0,-293.0,-245.0,-273.0,-302.0,-236.0,-246.0,-320.0,-246.0,-264.0,-264.0
NO.622,0,-255.0,-273.0,-264.0,-255.0,-255.0,-273.0,-255.0,-246.0,-264.0,-283.0,-237.0,-198.0,-330.0,-273.0,-302.0,-292.0,-330.0,-265.0,-246.0,-255.0,-255.0,-264.0,-255.0,-264.0,-273.0,-264.0,-273.0,-209.0,-264.0,-255.0,-246.0,-246.0,-255.0,-255.0,-255.0,-246.0
NO.623,5,-190.0,-170.0,-134.0,-236.0,-218.0,-198.0,-255.0,-283.0,-247.0,-255.0,-199.0,-227.0,-255.0,-227.0,-199.0,-255.0,-255.0,-227.0,-180.0,-180.0,-198.0,-152.0,-189.0,-199.0,-199.0,-199.0,-200.0,-170.0,-190.0,-199.0,-162.0,-161.0,-199.0,-171.0,-171.0,-171.0
NO.624,0,-255.0,-255.0,-255.0,-255.0,-255.0,-255.0,-255.0,-255.0,-255.0,-255.0,-255.0,-255.0,-255.0,-255.0,-255.0,-264.0,-255.0,-246.0,-255.0,-255.0,-255.0,-255.0,-255.0,-255.0,-255.0,-255.0,-246.0,-255.0,-255.0,-227.0,-255.0,-255.0,-227.0,-255.0,-255.0,-227.0
NO.625,1,-334.0,-382.0,-378.0,-334.0,-329.0,-397.0,-344.0,-315.0,-358.0,-354.0,-326.0,-303.0,-359.0,-321.0,-381.0,-354.0,-362.0,-325.0,-330.0,-354.0,-379.0,-364.0,-369.0,-349.0,-417.0,-359.0,-354.0,-316.0,-349.0,-354.0,-334.0,-334.0,-354.0,-339.0,-339.0,-339.0
NO.626,2,-132.0,-132.0,-104.0,-122.0,-94.0,-114.0,-94.0,-94.0,-104.0,-104.0,-104.0,-94.0,-94.0,-94.0,-64.0,-104.0,-75.0,-124.0,-142.0,-104.0,-133.0,-95.0,-133.0,-160.0,-95.0,-122.0,-96.0,-84.0,-114.0,-104.0,-114.0,-113.0,-113.0,-114.0,-132.0,-114.0
NO.627,7,-255.0,-255.0,-255.0,-255.0,-255.0,-255.0,-255.0,-255.0,-255.0,-255.0,-227.0,-227.0,-255.0,-227.0,-382.0,-255.0,-297.0,-341.0,-255.0,-255.0,-255.0,-255.0,-255.0,-255.0,-255.0,-255.0,-227.0,-241.0,-284.0,-184.0,-426.0,-340.0,-255.0,-412.0,-383.0,-312.0
NO.628,4,-412.0,-412.0,-538.0,-384.0,-482.0,-510.0,-426.0,-426.0,-454.0,-426.0,-383.0,-439.0,-426.0,-425.0,-540.0,-426.0,-483.0,-439.0,-440.0,-412.0,-454.0,-440.0,-468.0,-384.0,-538.0,-440.0,-411.0,-481.0,-454.0,-341.0,-510.0,-482.0,-369.0,-510.0,-482.0,-383.0
NO.629,7,-171.0,-171.0,-171.0,-171.0,-185.0,-213.0,-199.0,-269.0,-269.0,-255.0,-325.0,-339.0,-325.0,-339.0,-339.0,-339.0,-339.0,-339.0,-171.0,-171.0,-199.0,-213.0,-227.0,-255.0,-269.0,-255.0,-255.0,-339.0,-339.0,-339.0,-339.0,-339.0,-339.0,-339.0,-339.0,-339.0
NO.630,6,0.0,0.0,0.0,0.0,0.0,0.0,0.0,0.0,-4.0,-40.0,-64.0,-101.0,-60.0,-89.0,-179.0,-85.0,-135.0,-196.0,-8.0,-32.0,-32.0,-32.0,-32.0,-48.0,-32.0,-44.0,-64.0,-195.0,-186.0,-89.0,-323.0,-308.0,-202.0,-315.0,-355.0,-308.0
NO.631,1,-213.0,-213.0,-241.0,-213.0,-227.0,-326.0,-213.0,-255.0,-341.0,-213.0,-284.0,-327.0,-241.0,-327.0,-312.0,-340.0,-313.0,-298.0,-283.0,-397.0,-426.0,-383.0,-426.0,-426.0,-426.0,-426.0,-426.0,-426.0,-426.0,-426.0,-426.0,-426.0,-426.0,-426.0,-426.0,-426.0
NO.632,6,-44.0,-73.0,-40.0,-45.0,-34.0,-44.0,0.0,-17.0,-33.0,-6.0,-57.0,-152.0,-52.0,-141.0,-210.0,-130.0,-160.0,-228.0,-6.0,-18.0,-6.0,-12.0,-6.0,0.0,11.0,0.0,0.0,-199.0,-159.0,28.0,-454.0,-398.0,-199.0,-426.0,-511.0,-398.0
NO.633,6,-100.0,-116.0,-77.0,-110.0,-102.0,-100.0,-87.0,-93.0,-106.0,-87.0,-71.0,-141.0,-96.0,-116.0,-292.0,-102.0,-159.0,-253.0,-72.0,-78.0,-84.0,-71.0,-84.0,-84.0,-106.0,-94.0,-88.0,-192.0,-196.0,-42.0,-423.0,-329.0,-152.0,-414.0,-379.0,-242.0
NO.634,6,-56.0,-56.0,0.0,-56.0,-28.0,-9.0,9.0,0.0,-9.0,-94.0,-47.0,-105.0,-93.0,-132.0,-265.0,-84.0,-160.0,-246.0,0.0,0.0,-9.0,0.0,-9.0,-46.0,-19.0,-47.0,-47.0,-152.0,-160.0,-19.0,-426.0,-332.0,-132.0,-397.0,-368.0,-256.0
NO.635,6,-52.0,-64.0,-76.0,-64.0,-68.0,-80.0,-84.0,-76.0,-72.0,-80.0,-44.0,-133.0,-68.0,-105.0,-296.0,-76.0,-154.0,-215.0,-88.0,-76.0,-68.0,-80.0,-72.0,-96.0,-80.0,-104.0,-92.0,-118.0,-170.0,-24.0,-390.0,-301.0,-117.0,-381.0,-336.0,-240.0
NO.636,6,-66.0,-47.0,-84.0,-66.0,-75.0,-74.0,-65.0,-84.0,-84.0,-180.0,-113.0,-131.0,-181.0,-170.0,-312.0,-171.0,-237.0,-303.0,-142.0,-113.0,-181.0,-113.0,-152.0,-162.0,-104.0,-123.0,-141.0,-170.0,-237.0,-161.0,-417.0,-359.0,-237.0,-407.0,-388.0,-322.0
NO.637,6,-98.0,-70.0,-70.0,-84.0,-98.0,-70.0,-111.0,-112.0,-98.0,-186.0,-113.0,-169.0,-171.0,-199.0,-341.0,-171.0,-256.0,-284.0,-98.0,-126.0,-98.0,-112.0,-98.0,-113.0,-112.0,-113.0,-157.0,-198.0,-256.0,-142.0,-426.0,-340.0,-199.0,-397.0,-340.0,-313.0
NO.638,6,-98.0,-112.0,-105.0,-91.0,-105.0,-112.0,-77.0,-84.0,-84.0,-112.0,-91.0,-141.0,-105.0,-134.0,-298.0,-105.0,-170.0,-262.0,-84.0,-84.0,-84.0,-84.0,-84.0,-84.0,-84.0,-84.0,-84.0,-198.0,-170.0,-35.0,-426.0,-341.0,-148.0,-412.0,-383.0,-248.0
NO.639,5,-171.0,-171.0,-171.0,-171.0,-171.0,-171.0,-171.0,-171.0,-171.0,-171.0,-142.0,-172.0,-180.0,-181.0,-284.0,-189.0,-237.0,-254.0,-151.0,-151.0,-162.0,-161.0,-171.0,-123.0,-181.0,-122.0,-123.0,-218.0,-198.0,-96.0,-339.0,-284.0,-171.0,-320.0,-302.0,-246.0
NO.640,7,-311.0,-374.0,-339.0,-283.0,-311.0,-367.0,-206.0,-283.0,-290.0,-367.0,-255.0,-192.0,-339.0,-290.0,-346.0,-339.0,-374.0,-318.0,-311.0,-318.0,-311.0,-318.0,-311.0,-297.0,-346.0,-297.0,-304.0,-262.0,-297.0,-276.0,-304.0,-297.0,-290.0,-318.0,-304.0,-283.0
NO.641,0,-227.0,-227.0,-171.0,-269.0,-241.0,-213.0,-269.0,-269.0,-241.0,-255.0,-199.0,-269.0,-255.0,-255.0,-368.0,-255.0,-283.0,-369.0,-98.0,-143.0,-141.0,-128.0,-127.0,-112.0,-113.0,-98.0,-126.0,-242.0,-241.0,-99.0,-468.0,-369.0,-212.0,-440.0,-411.0,-312.0
NO.642,6,-154.0,-152.0,-171.0,-129.0,-131.0,-188.0,-96.0,-131.0,-125.0,-112.0,-101.0,-147.0,-84.0,-113.0,-278.0,-84.0,-136.0,-261.0,-114.0,-129.0,-96.0,-129.0,-90.0,-93.0,-97.0,-104.0,-102.0,-181.0,-176.0,-40.0,-426.0,-335.0,-153.0,-414.0,-385.0,-256.0
NO.643,5,-189.0,-180.0,-198.0,-162.0,-189.0,-189.0,-171.0,-162.0,-180.0,-218.0,-199.0,-152.0,-283.0,-208.0,-208.0,-255.0,-264.0,-247.0,-171.0,-171.0,-171.0,-171.0,-171.0,-171.0,-171.0,-171.0,-171.0,-189.0,-181.0,-161.0,-228.0,-208.0,-189.0,-228.0,-227.0,-190.0
NO.644,4,-422.0,-434.0,-455.0,-426.0,-422.0,-434.0,-426.0,-426.0,-410.0,-426.0,-328.0,-321.0,-426.0,-373.0,-400.0,-426.0,-470.0,-361.0,-406.0,-351.0,-401.0,-389.0,-401.0,-446.0,-447.0,-442.0,-426.0,-373.0,-442.0,-438.0,-364.0,-411.0,-446.0,-373.0,-410.0,-414.0
NO.645,5,-156.0,-126.0,-157.0,-170.0,-185.0,-83.0,-214.0,-170.0,-141.0,-157.0,-171.0,-199.0,-171.0,-171.0,-199.0,-171.0,-171.0,-227.0,-142.0,-155.0,-185.0,-127.0,-156.0,-142.0,-98.0,-127.0,-157.0,-185.0,-185.0,-157.0,-241.0,-227.0,-199.0,-255.0,-255.0,-199.0
NO.646,5,-213.0,-185.0,-213.0,-199.0,-199.0,-227.0,-213.0,-213.0,-185.0,-255.0,-184.0,-141.0,-213.0,-184.0,-243.0,-227.0,-242.0,-240.0,-213.0,-199.0,-255.0,-213.0,-227.0,-184.0,-155.0,-156.0,-156.0,-142.0,-155.0,-128.0,-255.0,-228.0,-170.0,-241.0,-241.0,-213.0
NO.647,1,-335.0,-331.0,-335.0,-333.0,-334.0,-341.0,-333.0,-339.0,-334.0,-357.0,-275.0,-292.0,-353.0,-345.0,-360.0,-359.0,-381.0,-335.0,-341.0,-345.0,-337.0,-338.0,-336.0,-338.0,-345.0,-337.0,-330.0,-277.0,-338.0,-333.0,-320.0,-331.0,-336.0,-337.0,-334.0,-333.0
NO.648,7,-283.0,-276.0,-311.0,-255.0,-269.0,-283.0,-269.0,-269.0,-269.0,-248.0,-255.0,-269.0,-255.0,-255.0,-262.0,-255.0,-248.0,-269.0,-262.0,-255.0,-304.0,-276.0,-290.0,-269.0,-283.0,-241.0,-234.0,-269.0,-276.0,-241.0,-276.0,-262.0,-248.0,-269.0,-262.0,-262.0
NO.649,1,-304.0,-360.0,-381.0,-297.0,-325.0,-353.0,-290.0,-304.0,-332.0,-318.0,-325.0,-325.0,-339.0,-339.0,-339.0,-339.0,-339.0,-339.0,-374.0,-318.0,-318.0,-339.0,-318.0,-339.0,-332.0,-353.0,-353.0,-339.0,-339.0,-318.0,-339.0,-318.0,-297.0,-318.0,-276.0,-339.0
NO.650,0,-240.0,-218.0,-232.0,-237.0,-240.0,-251.0,-255.0,-259.0,-255.0,-255.0,-255.0,-255.0,-259.0,-255.0,-251.0,-263.0,-259.0,-259.0,-237.0,-233.0,-252.0,-233.0,-245.0,-227.0,-251.0,-215.0,-230.0,-251.0,-241.0,-222.0,-259.0,-250.0,-226.0,-251.0,-247.0,-241.0
NO.651,0,-170.0,-199.0,-189.0,-180.0,-171.0,-212.0,-176.0,-170.0,-194.0,-240.0,-232.0,-203.0,-260.0,-259.0,-241.0,-255.0,-255.0,-255.0,-167.0,-171.0,-185.0,-175.0,-194.0,-218.0,-221.0,-204.0,-199.0,-250.0,-245.0,-231.0,-255.0,-245.0,-236.0,-255.0,-250.0,-231.0
NO.652,5,-174.0,-180.0,-174.0,-177.0,-174.0,-180.0,-171.0,-171.0,-180.0,-171.0,-174.0,-180.0,-171.0,-174.0,-174.0,-171.0,-165.0,-183.0,-171.0,-171.0,-171.0,-171.0,-171.0,-174.0,-171.0,-174.0,-167.0,-161.0,-170.0,-152.0,-189.0,-174.0,-158.0,-186.0,-180.0,-170.0
NO.653,1,-339.0,-353.0,-339.0,-339.0,-339.0,-339.0,-311.0,-325.0,-339.0,-311.0,-325.0,-339.0,-368.0,-339.0,-310.0,-397.0,-354.0,-368.0,-339.0,-339.0,-339.0,-339.0,-339.0,-339.0,-339.0,-339.0,-339.0,-354.0,-354.0,-339.0,-339.0,-339.0,-339.0,-339.0,-339.0,-339.0
NO.654,4,-340.0,-359.0,-388.0,-350.0,-340.0,-416.0,-388.0,-377.0,-407.0,-426.0,-445.0,-369.0,-425.0,-387.0,-407.0,-415.0,-406.0,-426.0,-378.0,-377.0,-368.0,-387.0,-387.0,-444.0,-435.0,-463.0,-456.0,-435.0,-454.0,-502.0,-407.0,-445.0,-464.0,-426.0,-407.0,-445.0
NO.655,0,-208.0,-210.0,-190.0,-218.0,-199.0,-218.0,-217.0,-236.0,-255.0,-226.0,-245.0,-246.0,-291.0,-264.0,-255.0,-292.0,-292.0,-273.0,-161.0,-198.0,-180.0,-199.0,-180.0,-199.0,-189.0,-208.0,-246.0,-218.0,-227.0,-246.0,-237.0,-219.0,-237.0,-237.0,-228.0,-219.0
NO.656,0,-226.0,-217.0,-274.0,-208.0,-227.0,-264.0,-219.0,-237.0,-246.0,-237.0,-255.0,-228.0,-264.0,-246.0,-246.0,-255.0,-255.0,-255.0,-170.0,-171.0,-199.0,-190.0,-209.0,-227.0,-247.0,-217.0,-235.0,-255.0,-255.0,-255.0,-255.0,-255.0,-255.0,-255.0,-255.0,-255.0
NO.657,5,-166.0,-156.0,-166.0,-161.0,-166.0,-171.0,-171.0,-171.0,-171.0,-175.0,-179.0,-179.0,-192.0,-188.0,-185.0,-198.0,-193.0,-198.0,-151.0,-161.0,-166.0,-156.0,-161.0,-170.0,-156.0,-160.0,-168.0,-174.0,-184.0,-173.0,-213.0,-203.0,-193.0,-213.0,-223.0,-203.0
NO.658,5,-111.0,-119.0,-149.0,-112.0,-112.0,-97.0,-91.0,-98.0,-98.0,-127.0,-164.0,-140.0,-179.0,-170.0,-128.0,-164.0,-157.0,-171.0,-128.0,-127.0,-171.0,-134.0,-156.0,-156.0,-134.0,-120.0,-121.0,-163.0,-156.0,-171.0,-171.0,-171.0,-171.0,-171.0,-171.0,-171.0
NO.659,2,-90.0,-89.0,-84.0,-103.0,-75.0,-94.0,-108.0,-104.0,-104.0,-117.0,-142.0,-137.0,-132.0,-136.0,-74.0,-122.0,-99.0,-128.0,-114.0,-89.0,-89.0,-89.0,-84.0,-99.0,-79.0,-104.0,-124.0,-118.0,-109.0,-109.0,-119.0,-109.0,-109.0,-114.0,-114.0,-114.0
NO.660,5,-171.0,-171.0,-171.0,-171.0,-171.0,-171.0,-171.0,-171.0,-171.0,-171.0,-180.0,-198.0,-180.0,-189.0,-162.0,-189.0,-161.0,-180.0,-171.0,-171.0,-171.0,-171.0,-171.0,-171.0,-171.0,-171.0,-171.0,-189.0,-180.0,-171.0,-171.0,-171.0,-171.0,-171.0,-171.0,-171.0
NO.661,5,-142.0,-152.0,-132.0,-161.0,-142.0,-138.0,-145.0,-139.0,-147.0,-156.0,-165.0,-162.0,-147.0,-160.0,-164.0,-153.0,-151.0,-175.0,-134.0,-152.0,-144.0,-140.0,-142.0,-147.0,-138.0,-145.0,-169.0,-160.0,-163.0,-166.0,-186.0,-181.0,-176.0,-186.0,-191.0,-181.0
NO.662,5,-141.0,-127.0,-146.0,-140.0,-153.0,-157.0,-171.0,-174.0,-167.0,-171.0,-178.0,-192.0,-171.0,-185.0,-181.0,-171.0,-164.0,-184.0,-152.0,-157.0,-163.0,-157.0,-160.0,-152.0,-157.0,-141.0,-168.0,-174.0,-174.0,-161.0,-204.0,-191.0,-181.0,-201.0,-211.0,-191.0
NO.663,0,-171.0,-171.0,-157.0,-171.0,-171.0,-171.0,-171.0,-171.0,-185.0,-199.0,-227.0,-199.0,-241.0,-227.0,-199.0,-241.0,-227.0,-241.0,-171.0,-213.0,-199.0,-185.0,-199.0,-213.0,-171.0,-199.0,-171.0,-269.0,-241.0,-227.0,-255.0,-269.0,-241.0,-255.0,-255.0,-269.0
NO.664,0,-175.0,-171.0,-167.0,-179.0,-175.0,-199.0,-179.0,-183.0,-203.0,-247.0,-235.0,-207.0,-263.0,-251.0,-235.0,-255.0,-255.0,-259.0,-117.0,-137.0,-176.0,-142.0,-176.0,-187.0,-180.0,-153.0,-185.0,-231.0,-235.0,-227.0,-259.0,-251.0,-239.0,-255.0,-259.0,-255.0
NO.665,5,-171.0,-171.0,-171.0,-171.0,-171.0,-171.0,-171.0,-171.0,-171.0,-171.0,-180.0,-189.0,-171.0,-189.0,-189.0,-171.0,-161.0,-189.0,-171.0,-171.0,-171.0,-171.0,-171.0,-171.0,-180.0,-162.0,-171.0,-190.0,-199.0,-143.0,-236.0,-246.0,-199.0,-217.0,-264.0,-246.0
NO.666,5,-171.0,-178.0,-178.0,-171.0,-171.0,-171.0,-171.0,-164.0,-171.0,-178.0,-199.0,-213.0,-192.0,-220.0,-192.0,-192.0,-192.0,-220.0,-192.0,-220.0,-164.0,-199.0,-171.0,-185.0,-164.0,-192.0,-178.0,-192.0,-192.0,-150.0,-241.0,-213.0,-192.0,-234.0,-255.0,-213.0
NO.667,0,-175.0,-191.0,-189.0,-167.0,-170.0,-218.0,-189.0,-166.0,-199.0,-240.0,-241.0,-199.0,-260.0,-250.0,-250.0,-255.0,-255.0,-255.0,-175.0,-179.0,-176.0,-179.0,-180.0,-204.0,-178.0,-203.0,-213.0,-237.0,-223.0,-228.0,-245.0,-241.0,-219.0,-264.0,-241.0,-232.0
NO.668,0,-241.0,-248.0,-262.0,-234.0,-255.0,-248.0,-248.0,-241.0,-248.0,-241.0,-255.0,-276.0,-255.0,-269.0,-262.0,-255.0,-262.0,-269.0,-241.0,-241.0,-255.0,-241.0,-248.0,-248.0,-255.0,-241.0,-248.0,-255.0,-248.0,-255.0,-248.0,-255.0,-255.0,-262.0,-248.0,-255.0
NO.669,5,-171.0,-171.0,-171.0,-171.0,-171.0,-171.0,-171.0,-171.0,-171.0,-171.0,-171.0,-171.0,-171.0,-171.0,-185.0,-171.0,-171.0,-199.0,-171.0,-171.0,-171.0,-171.0,-171.0,-171.0,-171.0,-171.0,-171.0,-171.0,-185.0,-157.0,-213.0,-199.0,-185.0,-213.0,-227.0,-199.0
NO.670,2,-75.0,-70.0,-84.0,-63.0,-75.0,-82.0,-75.0,-76.0,-80.0,-82.0,-90.0,-98.0,-86.0,-100.0,-101.0,-84.0,-92.0,-110.0,-78.0,-78.0,-78.0,-82.0,-78.0,-80.0,-82.0,-78.0,-84.0,-94.0,-103.0,-81.0,-135.0,-129.0,-105.0,-129.0,-143.0,-132.0
NO.671,3,9.0,0.0,-14.0,-9.0,13.0,-4.0,-19.0,0.0,4.0,-28.0,-23.0,-28.0,0.0,-18.0,-28.0,0.0,-9.0,-33.0,-31.0,-18.0,0.0,-23.0,0.0,-32.0,4.0,-32.0,-24.0,-18.0,-38.0,-9.0,-93.0,-74.0,-46.0,-75.0,-107.0,-75.0
NO.672,2,-84.0,-96.0,-90.0,-78.0,-84.0,-90.0,-84.0,-72.0,-90.0,-126.0,-108.0,-108.0,-120.0,-114.0,-120.0,-125.0,-120.0,-115.0,-84.0,-84.0,-84.0,-84.0,-84.0,-84.0,-84.0,-84.0,-84.0,-114.0,-102.0,-90.0,-114.0,-108.0,-96.0,-108.0,-102.0,-108.0
NO.673,5,-171.0,-199.0,-213.0,-157.0,-164.0,-220.0,-164.0,-164.0,-171.0,-171.0,-171.0,-178.0,-171.0,-171.0,-157.0,-171.0,-171.0,-171.0,-178.0,-199.0,-164.0,-206.0,-178.0,-178.0,-213.0,-192.0,-213.0,-220.0,-206.0,-185.0,-220.0,-213.0,-199.0,-192.0,-220.0,-213.0
NO.674,0,-185.0,-199.0,-227.0,-157.0,-178.0,-220.0,-171.0,-150.0,-185.0,-227.0,-227.0,-220.0,-283.0,-255.0,-199.0,-248.0,-255.0,-262.0,-178.0,-199.0,-157.0,-192.0,-164.0,-199.0,-192.0,-206.0,-220.0,-206.0,-220.0,-192.0,-262.0,-234.0,-220.0,-255.0,-269.0,-241.0
NO.675,0,-246.0,-273.0,-264.0,-246.0,-237.0,-273.0,-237.0,-246.0,-219.0,-264.0,-255.0,-237.0,-255.0,-255.0,-255.0,-255.0,-255.0,-255.0,-255.0,-255.0,-255.0,-255.0,-255.0,-255.0,-255.0,-255.0,-255.0,-246.0,-246.0,-255.0,-255.0,-255.0,-255.0,-255.0,-255.0,-255.0
NO.676,0,-255.0,-255.0,-255.0,-255.0,-255.0,-255.0,-255.0,-255.0,-255.0,-255.0,-255.0,-255.0,-255.0,-255.0,-255.0,-255.0,-255.0,-255.0,-213.0,-255.0,-227.0,-241.0,-227.0,-213.0,-241.0,-199.0,-213.0,-241.0,-227.0,-199.0,-269.0,-241.0,-227.0,-255.0,-269.0,-241.0
NO.677,1,-339.0,-343.0,-345.0,-339.0,-345.0,-348.0,-339.0,-339.0,-348.0,-339.0,-339.0,-344.0,-339.0,-339.0,-332.0,-339.0,-339.0,-339.0,-347.0,-343.0,-337.0,-345.0,-339.0,-353.0,-343.0,-353.0,-349.0,-343.0,-340.0,-343.0,-339.0,-337.0,-341.0,-339.0,-339.0,-337.0
NO.678,7,-297.0,-283.0,-297.0,-269.0,-283.0,-283.0,-255.0,-241.0,-269.0,-311.0,-339.0,-255.0,-367.0,-311.0,-311.0,-339.0,-339.0,-339.0,-297.0,-283.0,-255.0,-283.0,-255.0,-311.0,-269.0,-325.0,-297.0,-339.0,-311.0,-311.0,-339.0,-353.0,-325.0,-339.0,-339.0,-353.0
NO.679,1,-335.0,-338.0,-354.0,-335.0,-334.0,-345.0,-339.0,-339.0,-336.0,-339.0,-339.0,-339.0,-339.0,-339.0,-339.0,-339.0,-339.0,-339.0,-339.0,-294.0,-324.0,-324.0,-322.0,-335.0,-335.0,-335.0,-337.0,-337.0,-335.0,-331.0,-341.0,-337.0,-335.0,-339.0,-341.0,-337.0
NO.680,1,-339.0,-339.0,-339.0,-339.0,-339.0,-339.0,-339.0,-339.0,-339.0,-339.0,-339.0,-339.0,-339.0,-339.0,-339.0,-339.0,-339.0,-339.0,-283.0,-283.0,-339.0,-292.0,-320.0,-274.0,-320.0,-218.0,-264.0,-367.0,-311.0,-283.0,-339.0,-367.0,-311.0,-339.0,-339.0,-367.0
NO.681,0,-249.0,-271.0,-264.0,-246.0,-242.0,-281.0,-240.0,-243.0,-248.0,-264.0,-261.0,-243.0,-273.0,-258.0,-261.0,-261.0,-267.0,-261.0,-267.0,-258.0,-246.0,-261.0,-249.0,-261.0,-252.0,-273.0,-297.0,-249.0,-267.0,-270.0,-261.0,-255.0,-267.0,-258.0,-264.0,-255.0
NO.682,0,-241.0,-248.0,-255.0,-241.0,-241.0,-276.0,-255.0,-255.0,-255.0,-255.0,-262.0,-269.0,-255.0,-269.0,-269.0,-262.0,-262.0,-262.0,-255.0,-255.0,-255.0,-255.0,-255.0,-255.0,-255.0,-255.0,-255.0,-248.0,-248.0,-255.0,-248.0,-255.0,-255.0,-262.0,-248.0,-255.0
NO.683,0,-208.0,-255.0,-227.0,-218.0,-180.0,-217.0,-171.0,-171.0,-143.0,-171.0,-199.0,-246.0,-180.0,-236.0,-199.0,-189.0,-199.0,-227.0,-190.0,-228.0,-190.0,-209.0,-190.0,-180.0,-171.0,-180.0,-198.0,-199.0,-208.0,-179.0,-255.0,-236.0,-217.0,-255.0,-274.0,-236.0
NO.684,0,-241.0,-241.0,-255.0,-241.0,-248.0,-255.0,-255.0,-255.0,-255.0,-255.0,-255.0,-255.0,-255.0,-255.0,-255.0,-255.0,-255.0,-255.0,-255.0,-255.0,-255.0,-255.0,-255.0,-255.0,-255.0,-255.0,-255.0,-241.0,-241.0,-255.0,-255.0,-255.0,-255.0,-255.0,-255.0,-255.0
NO.685,3,-14.0,0.0,-28.0,14.0,-14.0,-14.0,0.0,14.0,0.0,0.0,-28.0,-84.0,-14.0,-70.0,-14.0,-28.0,0.0,-56.0,-14.0,-56.0,-56.0,-42.0,-42.0,-14.0,-14.0,0.0,0.0,-56.0,-42.0,14.0,-112.0,-70.0,-28.0,-84.0,-98.0,-84.0
NO.686,2,-57.0,-19.0,-58.0,-5.0,-43.0,-86.0,-65.0,-80.0,-71.0,-89.0,-108.0,-136.0,-89.0,-117.0,-108.0,-79.0,-108.0,-127.0,-72.0,-84.0,-80.0,-80.0,-84.0,-80.0,-72.0,-76.0,-80.0,-118.0,-89.0,-75.0,-130.0,-117.0,-103.0,-131.0,-135.0,-112.0
NO.687,5,-138.0,-135.0,-179.0,-120.0,-150.0,-174.0,-131.0,-145.0,-156.0,-144.0,-156.0,-161.0,-175.0,-171.0,-163.0,-167.0,-171.0,-175.0,-149.0,-156.0,-126.0,-164.0,-141.0,-156.0,-171.0,-171.0,-171.0,-152.0,-156.0,-171.0,-167.0,-171.0,-171.0,-171.0,-171.0,-171.0
NO.688,0,-269.0,-241.0,-255.0,-269.0,-255.0,-255.0,-283.0,-269.0,-255.0,-283.0,-297.0,-269.0,-269.0,-283.0,-269.0,-283.0,-255.0,-283.0,-227.0,-227.0,-255.0,-241.0,-269.0,-241.0,-269.0,-227.0,-241.0,-283.0,-269.0,-255.0,-283.0,-241.0,-255.0,-269.0,-255.0,-255.0
NO.689,1,-331.0,-347.0,-349.0,-337.0,-336.0,-353.0,-349.0,-335.0,-353.0,-347.0,-347.0,-349.0,-343.0,-345.0,-333.0,-343.0,-343.0,-343.0,-341.0,-335.0,-331.0,-337.0,-333.0,-343.0,-335.0,-343.0,-343.0,-350.0,-336.0,-339.0,-339.0,-339.0,-339.0,-341.0,-337.0,-339.0
NO.690,1,-339.0,-339.0,-339.0,-339.0,-339.0,-339.0,-339.0,-339.0,-339.0,-359.0,-359.0,-349.0,-379.0,-369.0,-359.0,-369.0,-369.0,-369.0,-321.0,-321.0,-329.0,-321.0,-320.0,-282.0,-330.0,-274.0,-275.0,-367.0,-311.0,-283.0,-329.0,-367.0,-311.0,-349.0,-329.0,-367.0
NO.691,1,-339.0,-339.0,-339.0,-339.0,-339.0,-339.0,-339.0,-339.0,-339.0,-349.0,-406.0,-405.0,-368.0,-405.0,-387.0,-377.0,-378.0,-415.0,-339.0,-339.0,-349.0,-349.0,-359.0,-368.0,-359.0,-358.0,-376.0,-415.0,-396.0,-396.0,-407.0,-386.0,-396.0,-425.0,-397.0,-386.0
NO.692,1,-390.0,-369.0,-346.0,-354.0,-375.0,-405.0,-376.0,-405.0,-426.0,-433.0,-426.0,-412.0,-426.0,-426.0,-426.0,-426.0,-426.0,-426.0,-324.0,-339.0,-339.0,-347.0,-346.0,-353.0,-346.0,-353.0,-346.0,-411.0,-382.0,-360.0,-390.0,-345.0,-360.0,-382.0,-353.0,-360.0
NO.693,1,-339.0,-353.0,-346.0,-339.0,-339.0,-353.0,-339.0,-332.0,-346.0,-339.0,-339.0,-339.0,-339.0,-339.0,-339.0,-339.0,-339.0,-339.0,-332.0,-339.0,-332.0,-346.0,-325.0,-297.0,-311.0,-297.0,-318.0,-283.0,-269.0,-283.0,-255.0,-248.0,-269.0,-297.0,-248.0,-248.0
NO.694,0,-232.0,-206.0,-244.0,-177.0,-215.0,-261.0,-203.0,-237.0,-255.0,-261.0,-261.0,-266.0,-255.0,-267.0,-256.0,-255.0,-261.0,-267.0,-249.0,-255.0,-255.0,-261.0,-255.0,-255.0,-261.0,-255.0,-255.0,-295.0,-283.0,-255.0,-328.0,-306.0,-278.0,-295.0,-323.0,-311.0
NO.695,0,-171.0,-185.0,-185.0,-171.0,-171.0,-185.0,-171.0,-157.0,-185.0,-227.0,-213.0,-227.0,-213.0,-255.0,-241.0,-199.0,-227.0,-255.0,-185.0,-255.0,-213.0,-227.0,-227.0,-213.0,-213.0,-199.0,-227.0,-199.0,-241.0,-255.0,-241.0,-255.0,-255.0,-255.0,-255.0,-255.0
NO.696,0,-240.0,-228.0,-255.0,-237.0,-202.0,-278.0,-232.0,-231.0,-223.0,-284.0,-252.0,-208.0,-180.0,-212.0,-199.0,-189.0,-179.0,-189.0,-189.0,-223.0,-168.0,-218.0,-178.0,-237.0,-202.0,-237.0,-255.0,-193.0,-212.0,-236.0,-208.0,-174.0,-217.0,-203.0,-198.0,-179.0
NO.697,0,-255.0,-255.0,-255.0,-255.0,-255.0,-269.0,-255.0,-255.0,-269.0,-255.0,-255.0,-255.0,-255.0,-255.0,-255.0,-255.0,-255.0,-255.0,-255.0,-255.0,-255.0,-255.0,-255.0,-255.0,-255.0,-255.0,-255.0,-255.0,-255.0,-255.0,-255.0,-255.0,-255.0,-255.0,-255.0,-255.0
NO.698,0,-258.0,-285.0,-276.0,-252.0,-255.0,-284.0,-255.0,-240.0,-260.0,-283.0,-263.0,-268.0,-309.0,-289.0,-246.0,-297.0,-295.0,-265.0,-247.0,-255.0,-255.0,-263.0,-255.0,-263.0,-263.0,-263.0,-279.0,-268.0,-263.0,-271.0,-255.0,-247.0,-263.0,-255.0,-255.0,-247.0
NO.699,7,-255.0,-241.0,-269.0,-255.0,-241.0,-269.0,-283.0,-269.0,-241.0,-283.0,-311.0,-311.0,-255.0,-297.0,-297.0,-255.0,-283.0,-311.0,-339.0,-269.0,-283.0,-283.0,-283.0,-311.0,-283.0,-297.0,-339.0,-311.0,-311.0,-339.0,-339.0,-339.0,-339.0,-339.0,-339.0,-339.0
NO.700,1,-339.0,-343.0,-343.0,-335.0,-333.0,-353.0,-337.0,-339.0,-339.0,-343.0,-341.0,-347.0,-355.0,-359.0,-335.0,-355.0,-349.0,-343.0,-337.0,-339.0,-339.0,-341.0,-339.0,-339.0,-341.0,-339.0,-339.0,-346.0,-336.0,-339.0,-339.0,-339.0,-339.0,-341.0,-337.0,-339.0
NO.701,1,-325.0,-325.0,-339.0,-325.0,-332.0,-339.0,-339.0,-339.0,-339.0,-339.0,-339.0,-339.0,-339.0,-339.0,-339.0,-339.0,-339.0,-339.0,-339.0,-339.0,-332.0,-339.0,-332.0,-318.0,-339.0,-325.0,-332.0,-346.0,-332.0,-325.0,-339.0,-346.0,-332.0,-339.0,-339.0,-346.0
NO.702,4,-426.0,-384.0,-441.0,-384.0,-412.0,-454.0,-412.0,-426.0,-454.0,-426.0,-426.0,-426.0,-426.0,-426.0,-426.0,-426.0,-426.0,-426.0,-355.0,-369.0,-324.0,-384.0,-339.0,-324.0,-412.0,-368.0,-355.0,-469.0,-397.0,-354.0,-426.0,-441.0,-397.0,-426.0,-440.0,-427.0
NO.703,1,-339.0,-339.0,-339.0,-339.0,-339.0,-339.0,-339.0,-339.0,-339.0,-387.0,-368.0,-320.0,-406.0,-349.0,-348.0,-368.0,-367.0,-368.0,-339.0,-339.0,-330.0,-339.0,-330.0,-312.0,-330.0,-312.0,-339.0,-311.0,-302.0,-331.0,-292.0,-246.0,-293.0,-302.0,-255.0,-255.0
NO.704,7,-339.0,-353.0,-339.0,-332.0,-325.0,-346.0,-325.0,-325.0,-332.0,-332.0,-318.0,-304.0,-318.0,-304.0,-297.0,-318.0,-311.0,-304.0,-262.0,-276.0,-276.0,-290.0,-276.0,-276.0,-304.0,-276.0,-276.0,-290.0,-255.0,-255.0,-269.0,-248.0,-255.0,-276.0,-255.0,-248.0
NO.705,0,-243.0,-261.0,-255.0,-249.0,-243.0,-261.0,-237.0,-243.0,-249.0,-261.0,-255.0,-243.0,-255.0,-255.0,-255.0,-255.0,-255.0,-255.0,-255.0,-255.0,-255.0,-255.0,-255.0,-244.0,-255.0,-244.0,-222.0,-266.0,-244.0,-233.0,-255.0,-266.0,-244.0,-255.0,-255.0,-266.0
NO.706,5,-56.0,-83.0,-99.0,-98.0,-56.0,-83.0,-98.0,-84.0,-70.0,-126.0,-155.0,-114.0,-140.0,-142.0,-127.0,-126.0,-141.0,-156.0,-242.0,-241.0,-241.0,-199.0,-213.0,-185.0,-127.0,-157.0,-213.0,-171.0,-171.0,-171.0,-171.0,-171.0,-171.0,-171.0,-171.0,-171.0
NO.707,2,-62.0,-92.0,-120.0,-84.0,-62.0,-70.0,-77.0,-84.0,-84.0,-171.0,-120.0,-150.0,-164.0,-186.0,-128.0,-164.0,-165.0,-150.0,-163.0,-141.0,-157.0,-134.0,-135.0,-134.0,-77.0,-112.0,-112.0,-134.0,-127.0,-90.0,-157.0,-135.0,-120.0,-150.0,-165.0,-135.0
NO.708,5,-156.0,-160.0,-164.0,-150.0,-150.0,-168.0,-140.0,-149.0,-153.0,-181.0,-185.0,-171.0,-220.0,-202.0,-164.0,-209.0,-196.0,-195.0,-159.0,-171.0,-160.0,-167.0,-160.0,-150.0,-164.0,-150.0,-159.0,-155.0,-145.0,-147.0,-165.0,-149.0,-153.0,-174.0,-162.0,-152.0
NO.709,2,-84.0,-93.0,-75.0,-84.0,-84.0,-103.0,-84.0,-84.0,-94.0,-84.0,-103.0,-122.0,-94.0,-113.0,-66.0,-113.0,-85.0,-104.0,-95.0,-67.0,-36.0,-66.0,-46.0,-77.0,-75.0,-87.0,-94.0,-132.0,-95.0,-56.0,-124.0,-113.0,-85.0,-114.0,-124.0,-113.0
NO.710,5,-236.0,-320.0,-301.0,-209.0,-264.0,-291.0,-199.0,-227.0,-255.0,-161.0,-218.0,-246.0,-198.0,-199.0,-218.0,-198.0,-198.0,-218.0,-104.0,-123.0,-141.0,-161.0,-132.0,-123.0,-160.0,-123.0,-105.0,-247.0,-161.0,-123.0,-189.0,-171.0,-152.0,-199.0,-180.0,-161.0
NO.711,2,-38.0,-9.0,-36.0,-50.0,-43.0,-62.0,-106.0,-89.0,-80.0,-122.0,-114.0,-92.0,-130.0,-119.0,-102.0,-115.0,-124.0,-117.0,-47.0,-44.0,-39.0,-38.0,-34.0,-37.0,-27.0,-23.0,-49.0,-71.0,-54.0,-60.0,-79.0,-67.0,-60.0,-97.0,-74.0,-70.0
NO.712,3,0.0,0.0,0.0,0.0,0.0,0.0,0.0,0.0,0.0,0.0,0.0,0.0,0.0,0.0,0.0,0.0,0.0,0.0,0.0,0.0,0.0,0.0,0.0,0.0,0.0,0.0,0.0,-9.0,-9.0,9.0,-18.0,-27.0,-9.0,-9.0,-27.0,-27.0
NO.713,2,-85.0,-86.0,-96.0,-88.0,-85.0,-88.0,-92.0,-85.0,-86.0,-97.0,-114.0,-109.0,-96.0,-110.0,-98.0,-93.0,-101.0,-117.0,-81.0,-89.0,-83.0,-88.0,-81.0,-87.0,-73.0,-83.0,-88.0,-130.0,-107.0,-93.0,-118.0,-109.0,-101.0,-116.0,-111.0,-109.0
NO.714,5,-267.0,-259.0,-259.0,-271.0,-267.0,-247.0,-263.0,-259.0,-247.0,-259.0,-203.0,-239.0,-227.0,-239.0,-211.0,-243.0,-223.0,-195.0,-183.0,-254.0,-236.0,-230.0,-208.0,-163.0,-170.0,-131.0,-120.0,-176.0,-142.0,-125.0,-155.0,-128.0,-130.0,-163.0,-143.0,-128.0
NO.715,5,-156.0,-153.0,-148.0,-153.0,-147.0,-159.0,-144.0,-150.0,-147.0,-171.0,-171.0,-159.0,-174.0,-177.0,-171.0,-174.0,-169.0,-174.0,-177.0,-171.0,-170.0,-161.0,-158.0,-171.0,-138.0,-165.0,-168.0,-159.0,-162.0,-153.0,-183.0,-168.0,-159.0,-183.0,-183.0,-165.0
NO.716,0,-192.0,-214.0,-240.0,-192.0,-194.0,-213.0,-186.0,-172.0,-213.0,-224.0,-230.0,-208.0,-263.0,-257.0,-225.0,-236.0,-254.0,-256.0,-187.0,-219.0,-187.0,-217.0,-187.0,-187.0,-174.0,-187.0,-219.0,-220.0,-208.0,-207.0,-213.0,-201.0,-210.0,-222.0,-203.0,-204.0
NO.717,0,-263.0,-263.0,-287.0,-247.0,-263.0,-263.0,-255.0,-247.0,-255.0,-255.0,-255.0,-259.0,-255.0,-255.0,-251.0,-255.0,-255.0,-255.0,-259.0,-267.0,-259.0,-271.0,-259.0,-259.0,-259.0,-259.0,-267.0,-255.0,-259.0,-263.0,-255.0,-251.0,-259.0,-255.0,-255.0,-251.0
NO.718,7,-302.0,-274.0,-311.0,-255.0,-283.0,-331.0,-272.0,-283.0,-320.0,-274.0,-273.0,-264.0,-293.0,-284.0,-236.0,-293.0,-274.0,-255.0,-255.0,-339.0,-283.0,-320.0,-283.0,-274.0,-293.0,-255.0,-312.0,-340.0,-321.0,-312.0,-301.0,-330.0,-322.0,-264.0,-293.0,-311.0
NO.719,7,-255.0,-283.0,-320.0,-255.0,-255.0,-292.0,-264.0,-227.0,-283.0,-273.0,-264.0,-255.0,-293.0,-293.0,-255.0,-293.0,-274.0,-255.0,-255.0,-312.0,-274.0,-312.0,-274.0,-255.0,-274.0,-255.0,-255.0,-255.0,-255.0,-255.0,-255.0,-255.0,-255.0,-255.0,-255.0,-255.0
NO.720,7,-297.0,-269.0,-325.0,-283.0,-311.0,-339.0,-339.0,-339.0,-339.0,-297.0,-297.0,-297.0,-241.0,-241.0,-269.0,-255.0,-255.0,-255.0,-311.0,-311.0,-325.0,-311.0,-311.0,-283.0,-311.0,-255.0,-339.0,-297.0,-297.0,-283.0,-297.0,-255.0,-269.0,-255.0,-255.0,-241.0
NO.721,0,-249.0,-239.0,-281.0,-217.0,-237.0,-283.0,-229.0,-245.0,-247.0,-259.0,-257.0,-255.0,-261.0,-255.0,-243.0,-259.0,-257.0,-255.0,-245.0,-249.0,-247.0,-259.0,-247.0,-247.0,-267.0,-243.0,-247.0,-267.0,-253.0,-259.0,-245.0,-235.0,-249.0,-249.0,-239.0,-233.0
NO.722,5,-176.0,-159.0,-171.0,-181.0,-176.0,-176.0,-205.0,-188.0,-176.0,-205.0,-193.0,-181.0,-171.0,-176.0,-161.0,-171.0,-166.0,-176.0,-137.0,-149.0,-146.0,-154.0,-146.0,-135.0,-158.0,-119.0,-125.0,-152.0,-147.0,-153.0,-159.0,-147.0,-153.0,-165.0,-159.0,-147.0
NO.723,1,-333.0,-322.0,-340.0,-324.0,-332.0,-337.0,-330.0,-335.0,-337.0,-335.0,-339.0,-335.0,-337.0,-333.0,-331.0,-335.0,-337.0,-339.0,-341.0,-347.0,-333.0,-345.0,-335.0,-343.0,-333.0,-345.0,-335.0,-345.0,-339.0,-337.0,-339.0,-329.0,-335.0,-337.0,-335.0,-329.0
NO.724,0,-255.0,-227.0,-255.0,-255.0,-255.0,-255.0,-311.0,-283.0,-255.0,-311.0,-283.0,-255.0,-255.0,-255.0,-255.0,-255.0,-255.0,-255.0,-185.0,-227.0,-241.0,-227.0,-241.0,-213.0,-255.0,-171.0,-185.0,-255.0,-241.0,-199.0,-269.0,-241.0,-227.0,-255.0,-269.0,-241.0
NO.725,2,-66.0,-85.0,-103.0,-65.0,-46.0,-56.0,-56.0,2.0,-75.0,-123.0,-94.0,-46.0,-104.0,-94.0,-84.0,-104.0,-104.0,-84.0,-76.0,-134.0,-170.0,-104.0,-141.0,-66.0,-75.0,-10.0,-38.0,-93.0,-75.0,-66.0,-84.0,-93.0,-75.0,-84.0,-84.0,-93.0
NO.726,0,-220.0,-297.0,-283.0,-227.0,-227.0,-297.0,-220.0,-185.0,-234.0,-199.0,-227.0,-213.0,-199.0,-227.0,-220.0,-206.0,-206.0,-234.0,-283.0,-290.0,-262.0,-290.0,-255.0,-227.0,-227.0,-248.0,-255.0,-227.0,-199.0,-185.0,-157.0,-164.0,-178.0,-199.0,-143.0,-164.0
NO.727,5,-158.0,-135.0,-263.0,-128.0,-172.0,-135.0,-134.0,-113.0,-157.0,-148.0,-171.0,-133.0,-186.0,-171.0,-135.0,-164.0,-164.0,-178.0,-348.0,-396.0,-461.0,-326.0,-383.0,-234.0,-213.0,-156.0,-147.0,-200.0,-148.0,-126.0,-164.0,-143.0,-142.0,-157.0,-158.0,-142.0
NO.728,5,-126.0,-128.0,-214.0,-126.0,-141.0,-143.0,-127.0,-98.0,-141.0,-156.0,-185.0,-99.0,-112.0,-113.0,-142.0,-113.0,-113.0,-141.0,-213.0,-227.0,-227.0,-213.0,-213.0,-185.0,-171.0,-171.0,-171.0,-171.0,-171.0,-171.0,-171.0,-171.0,-171.0,-171.0,-171.0,-171.0
NO.729,2,-132.0,-132.0,-113.0,-150.0,-113.0,-104.0,-122.0,-93.0,-151.0,-104.0,-94.0,-74.0,-124.0,-94.0,-74.0,-114.0,-104.0,-94.0,-123.0,-151.0,-133.0,-132.0,-123.0,-94.0,-74.0,-84.0,-84.0,-114.0,-94.0,-84.0,-94.0,-84.0,-84.0,-84.0,-84.0,-84.0
NO.730,0,-255.0,-265.0,-264.0,-255.0,-236.0,-284.0,-236.0,-208.0,-227.0,-265.0,-255.0,-199.0,-264.0,-246.0,-237.0,-255.0,-236.0,-255.0,-264.0,-246.0,-264.0,-255.0,-264.0,-255.0,-264.0,-237.0,-237.0,-283.0,-274.0,-255.0,-255.0,-255.0,-255.0,-255.0,-255.0,-255.0
NO.731,7,-255.0,-304.0,-276.0,-255.0,-248.0,-318.0,-255.0,-234.0,-276.0,-297.0,-304.0,-297.0,-339.0,-332.0,-283.0,-318.0,-325.0,-332.0,-248.0,-269.0,-262.0,-269.0,-276.0,-311.0,-325.0,-311.0,-297.0,-311.0,-304.0,-332.0,-269.0,-234.0,-297.0,-283.0,-234.0,-241.0
NO.732,0,-249.0,-272.0,-238.0,-267.0,-243.0,-271.0,-261.0,-226.0,-261.0,-261.0,-260.0,-215.0,-254.0,-232.0,-221.0,-243.0,-249.0,-255.0,-227.0,-232.0,-222.0,-232.0,-227.0,-249.0,-231.0,-254.0,-288.0,-279.0,-272.0,-277.0,-261.0,-244.0,-266.0,-255.0,-255.0,-244.0
NO.733,7,-261.0,-284.0,-289.0,-255.0,-227.0,-294.0,-249.0,-221.0,-205.0,-271.0,-255.0,-210.0,-273.0,-261.0,-226.0,-267.0,-261.0,-255.0,-244.0,-255.0,-255.0,-266.0,-255.0,-278.0,-277.0,-283.0,-313.0,-306.0,-295.0,-335.0,-255.0,-266.0,-295.0,-255.0,-238.0,-266.0
NO.734,1,-327.0,-331.0,-371.0,-295.0,-323.0,-331.0,-283.0,-263.0,-307.0,-319.0,-323.0,-275.0,-363.0,-331.0,-299.0,-339.0,-339.0,-339.0,-311.0,-307.0,-303.0,-319.0,-311.0,-331.0,-339.0,-335.0,-327.0,-323.0,-319.0,-351.0,-307.0,-287.0,-323.0,-319.0,-291.0,-287.0
NO.735,0,-255.0,-255.0,-255.0,-255.0,-246.0,-255.0,-246.0,-209.0,-245.0,-292.0,-273.0,-208.0,-291.0,-273.0,-237.0,-282.0,-273.0,-282.0,-236.0,-217.0,-208.0,-217.0,-208.0,-237.0,-255.0,-227.0,-216.0,-255.0,-246.0,-255.0,-255.0,-255.0,-255.0,-255.0,-255.0,-255.0
NO.736,4,-360.0,-411.0,-419.0,-390.0,-398.0,-433.0,-383.0,-354.0,-419.0,-397.0,-426.0,-346.0,-455.0,-397.0,-383.0,-426.0,-412.0,-426.0,-412.0,-419.0,-405.0,-419.0,-412.0,-426.0,-426.0,-433.0,-447.0,-454.0,-447.0,-440.0,-433.0,-419.0,-433.0,-426.0,-426.0,-419.0
NO.737,5,-171.0,-152.0,-181.0,-171.0,-171.0,-152.0,-161.0,-142.0,-162.0,-237.0,-218.0,-152.0,-283.0,-237.0,-200.0,-255.0,-246.0,-237.0,-199.0,-255.0,-199.0,-227.0,-199.0,-171.0,-171.0,-171.0,-171.0,-180.0,-171.0,-171.0,-152.0,-171.0,-171.0,-190.0,-152.0,-171.0
NO.738,0,-199.0,-213.0,-241.0,-185.0,-185.0,-227.0,-171.0,-157.0,-185.0,-241.0,-213.0,-213.0,-269.0,-269.0,-213.0,-255.0,-255.0,-255.0,-185.0,-255.0,-199.0,-227.0,-199.0,-185.0,-185.0,-185.0,-213.0,-199.0,-199.0,-199.0,-227.0,-129.0,-185.0,-199.0,-171.0,-157.0
NO.739,0,-185.0,-227.0,-269.0,-185.0,-227.0,-241.0,-199.0,-171.0,-227.0,-241.0,-227.0,-129.0,-283.0,-185.0,-157.0,-255.0,-227.0,-199.0,-255.0,-255.0,-255.0,-255.0,-255.0,-255.0,-255.0,-255.0,-255.0,-227.0,-227.0,-255.0,-283.0,-255.0,-255.0,-227.0,-283.0,-255.0
NO.740,0,-199.0,-227.0,-283.0,-171.0,-213.0,-227.0,-171.0,-143.0,-227.0,-227.0,-255.0,-171.0,-283.0,-227.0,-227.0,-255.0,-255.0,-255.0,-185.0,-227.0,-227.0,-213.0,-213.0,-213.0,-255.0,-199.0,-227.0,-255.0,-255.0,-255.0,-255.0,-255.0,-255.0,-255.0,-255.0,-255.0
NO.741,0,-234.0,-234.0,-258.0,-215.0,-237.0,-246.0,-203.0,-180.0,-236.0,-258.0,-258.0,-187.0,-265.0,-241.0,-239.0,-251.0,-251.0,-255.0,-255.0,-255.0,-255.0,-255.0,-255.0,-257.0,-255.0,-257.0,-261.0,-255.0,-259.0,-259.0,-255.0,-253.0,-257.0,-255.0,-255.0,-253.0
NO.742,1,-297.0,-355.0,-354.0,-325.0,-339.0,-369.0,-325.0,-282.0,-340.0,-367.0,-354.0,-342.0,-339.0,-369.0,-340.0,-339.0,-339.0,-354.0,-324.0,-339.0,-339.0,-354.0,-339.0,-354.0,-354.0,-354.0,-384.0,-382.0,-383.0,-369.0,-354.0,-354.0,-354.0,-369.0,-354.0,-324.0
NO.743,1,-369.0,-354.0,-324.0,-339.0,-339.0,-368.0,-339.0,-339.0,-368.0,-339.0,-354.0,-398.0,-354.0,-384.0,-325.0,-369.0,-354.0,-369.0,-354.0,-384.0,-354.0,-369.0,-354.0,-339.0,-339.0,-339.0,-339.0,-412.0,-369.0,-324.0,-413.0,-369.0,-354.0,-384.0,-399.0,-369.0
NO.744,4,-371.0,-347.0,-490.0,-350.0,-369.0,-369.0,-361.0,-336.0,-390.0,-397.0,-422.0,-350.0,-455.0,-401.0,-379.0,-426.0,-426.0,-426.0,-563.0,-502.0,-623.0,-499.0,-556.0,-472.0,-412.0,-405.0,-426.0,-454.0,-415.0,-401.0,-412.0,-401.0,-405.0,-412.0,-402.0,-397.0
NO.745,1,-334.0,-323.0,-465.0,-333.0,-345.0,-317.0,-328.0,-277.0,-351.0,-339.0,-339.0,-307.0,-350.0,-328.0,-305.0,-339.0,-339.0,-339.0,-538.0,-465.0,-609.0,-465.0,-523.0,-452.0,-368.0,-378.0,-362.0,-351.0,-328.0,-356.0,-305.0,-288.0,-322.0,-317.0,-283.0,-293.0
NO.746,0,-246.0,-246.0,-273.0,-237.0,-246.0,-246.0,-228.0,-209.0,-245.0,-265.0,-246.0,-217.0,-255.0,-255.0,-255.0,-255.0,-255.0,-255.0,-235.0,-244.0,-237.0,-254.0,-256.0,-209.0,-283.0,-190.0,-218.0,-264.0,-246.0,-237.0,-255.0,-264.0,-246.0,-255.0,-255.0,-264.0
NO.747,1,-326.0,-326.0,-351.0,-323.0,-326.0,-335.0,-312.0,-284.0,-324.0,-350.0,-352.0,-319.0,-381.0,-362.0,-313.0,-362.0,-356.0,-361.0,-377.0,-404.0,-392.0,-378.0,-380.0,-363.0,-345.0,-351.0,-372.0,-381.0,-371.0,-366.0,-366.0,-343.0,-357.0,-357.0,-354.0,-339.0
NO.748,1,-339.0,-339.0,-354.0,-339.0,-317.0,-376.0,-339.0,-318.0,-311.0,-360.0,-339.0,-319.0,-339.0,-339.0,-317.0,-339.0,-339.0,-339.0,-376.0,-382.0,-412.0,-368.0,-390.0,-361.0,-346.0,-339.0,-339.0,-368.0,-339.0,-339.0,-346.0,-339.0,-339.0,-339.0,-339.0,-339.0
NO.749,7,-255.0,-255.0,-227.0,-255.0,-255.0,-255.0,-255.0,-255.0,-255.0,-297.0,-311.0,-297.0,-367.0,-339.0,-283.0,-339.0,-339.0,-339.0,-283.0,-311.0,-311.0,-283.0,-297.0,-269.0,-255.0,-227.0,-255.0,-353.0,-297.0,-241.0,-353.0,-325.0,-297.0,-339.0,-367.0,-311.0
NO.750,1,-337.0,-303.0,-311.0,-335.0,-353.0,-310.0,-307.0,-281.0,-384.0,-343.0,-341.0,-292.0,-351.0,-329.0,-312.0,-339.0,-335.0,-341.0,-325.0,-331.0,-335.0,-331.0,-335.0,-339.0,-337.0,-339.0,-333.0,-354.0,-337.0,-341.0,-337.0,-333.0,-337.0,-339.0,-333.0,-333.0
NO.751,0,-255.0,-255.0,-255.0,-255.0,-255.0,-283.0,-255.0,-241.0,-269.0,-297.0,-283.0,-255.0,-311.0,-297.0,-269.0,-297.0,-283.0,-297.0,-255.0,-255.0,-255.0,-255.0,-255.0,-255.0,-255.0,-255.0,-255.0,-283.0,-269.0,-255.0,-283.0,-241.0,-255.0,-283.0,-269.0,-241.0
NO.752,0,-219.0,-231.0,-223.0,-235.0,-247.0,-215.0,-195.0,-183.0,-259.0,-239.0,-251.0,-179.0,-275.0,-235.0,-235.0,-255.0,-259.0,-255.0,-255.0,-255.0,-255.0,-255.0,-255.0,-255.0,-255.0,-255.0,-255.0,-255.0,-255.0,-255.0,-255.0,-255.0,-255.0,-255.0,-255.0,-255.0
NO.753,5,-156.0,-156.0,-126.0,-186.0,-171.0,-155.0,-156.0,-141.0,-200.0,-200.0,-170.0,-142.0,-227.0,-214.0,-170.0,-213.0,-227.0,-185.0,-111.0,-126.0,-126.0,-126.0,-126.0,-141.0,-171.0,-141.0,-156.0,-171.0,-171.0,-171.0,-171.0,-171.0,-171.0,-171.0,-171.0,-171.0
NO.754,7,-247.0,-247.0,-283.0,-251.0,-259.0,-291.0,-255.0,-231.0,-279.0,-279.0,-291.0,-275.0,-279.0,-303.0,-279.0,-271.0,-291.0,-311.0,-275.0,-283.0,-295.0,-275.0,-291.0,-311.0,-319.0,-315.0,-311.0,-335.0,-319.0,-347.0,-295.0,-311.0,-327.0,-307.0,-283.0,-311.0
NO.755,7,-227.0,-241.0,-241.0,-255.0,-255.0,-283.0,-255.0,-227.0,-269.0,-283.0,-283.0,-283.0,-255.0,-311.0,-283.0,-255.0,-297.0,-311.0,-283.0,-269.0,-297.0,-241.0,-283.0,-283.0,-255.0,-269.0,-297.0,-325.0,-297.0,-283.0,-255.0,-241.0,-269.0,-283.0,-227.0,-241.0
NO.756,7,-283.0,-269.0,-241.0,-311.0,-269.0,-283.0,-283.0,-241.0,-297.0,-283.0,-283.0,-255.0,-255.0,-311.0,-283.0,-255.0,-241.0,-283.0,-297.0,-255.0,-283.0,-241.0,-283.0,-311.0,-269.0,-325.0,-339.0,-339.0,-339.0,-339.0,-339.0,-339.0,-339.0,-339.0,-339.0,-339.0
NO.757,1,-339.0,-339.0,-362.0,-339.0,-339.0,-377.0,-339.0,-339.0,-396.0,-349.0,-373.0,-395.0,-378.0,-396.0,-345.0,-377.0,-378.0,-397.0,-320.0,-270.0,-316.0,-283.0,-316.0,-349.0,-359.0,-349.0,-359.0,-415.0,-383.0,-364.0,-364.0,-344.0,-359.0,-373.0,-340.0,-349.0
NO.758,1,-351.0,-357.0,-351.0,-345.0,-345.0,-373.0,-339.0,-316.0,-380.0,-356.0,-357.0,-346.0,-345.0,-363.0,-334.0,-351.0,-351.0,-363.0,-327.0,-339.0,-339.0,-328.0,-339.0,-339.0,-351.0,-339.0,-339.0,-369.0,-334.0,-350.0,-329.0,-300.0,-328.0,-340.0,-300.0,-306.0
NO.759,7,-311.0,-269.0,-241.0,-297.0,-297.0,-283.0,-297.0,-311.0,-283.0,-311.0,-325.0,-325.0,-353.0,-339.0,-311.0,-339.0,-339.0,-339.0,-255.0,-297.0,-269.0,-269.0,-269.0,-255.0,-241.0,-255.0,-255.0,-311.0,-283.0,-227.0,-367.0,-311.0,-283.0,-339.0,-367.0,-311.0
NO.760,3,0.0,10.0,11.0,0.0,-4.0,3.0,0.0,0.0,-6.0,0.0,-2.0,-6.0,0.0,-4.0,-2.0,0.0,-2.0,-4.0,-43.0,-68.0,-60.0,-37.0,-46.0,-26.0,-4.0,-8.0,-16.0,-7.0,-13.0,-9.0,-12.0,-15.0,-11.0,-9.0,-13.0,-17.0
NO.761,3,0.0,76.0,-38.0,0.0,0.0,66.0,0.0,0.0,-2.0,0.0,-2.0,-3.0,0.0,2.0,-4.0,0.0,2.0,-8.0,-170.0,-162.0,-264.0,-122.0,-188.0,-89.0,-1.0,-9.0,-23.0,-18.0,-30.0,-20.0,-39.0,-40.0,-30.0,-28.0,-46.0,-42.0
NO.762,5,-157.0,-213.0,-213.0,-171.0,-185.0,-185.0,-171.0,-128.0,-212.0,-242.0,-199.0,-127.0,-269.0,-185.0,-157.0,-227.0,-227.0,-199.0,-141.0,-197.0,-199.0,-169.0,-170.0,-127.0,-156.0,-113.0,-97.0,-198.0,-155.0,-126.0,-156.0,-111.0,-126.0,-156.0,-141.0,-111.0
NO.763,5,-241.0,-227.0,-129.0,-283.0,-199.0,-185.0,-227.0,-199.0,-283.0,-283.0,-227.0,-185.0,-255.0,-241.0,-213.0,-255.0,-241.0,-227.0,-155.0,-253.0,-255.0,-183.0,-212.0,-156.0,-157.0,-113.0,-142.0,-183.0,-156.0,-170.0,-128.0,-54.0,-113.0,-156.0,-85.0,-40.0
NO.764,5,-171.0,-164.0,-143.0,-171.0,-171.0,-199.0,-164.0,-149.0,-198.0,-179.0,-171.0,-148.0,-192.0,-185.0,-150.0,-185.0,-185.0,-171.0,-185.0,-248.0,-220.0,-206.0,-206.0,-156.0,-164.0,-135.0,-126.0,-163.0,-134.0,-126.0,-142.0,-118.0,-126.0,-149.0,-127.0,-118.0
NO.765,2,-107.0,-50.0,-73.0,-74.0,-84.0,-78.0,-69.0,-63.0,-91.0,-63.0,-79.0,-73.0,-68.0,-78.0,-45.0,-62.0,-63.0,-84.0,-216.0,-306.0,-306.0,-210.0,-249.0,-136.0,-78.0,-85.0,-81.0,-118.0,-79.0,-74.0,-90.0,-89.0,-79.0,-84.0,-84.0,-89.0
NO.766,3,0.0,28.0,15.0,0.0,0.0,14.0,0.0,0.0,0.0,0.0,0.0,0.0,-14.0,0.0,14.0,-28.0,-14.0,-14.0,-70.0,-115.0,-113.0,-71.0,-85.0,-28.0,0.0,0.0,0.0,-14.0,-14.0,0.0,0.0,0.0,0.0,0.0,0.0,0.0
NO.767,2,-84.0,-84.0,-70.0,-84.0,-84.0,-106.0,-84.0,-77.0,-99.0,-120.0,-120.0,-90.0,-172.0,-142.0,-114.0,-150.0,-158.0,-150.0,-77.0,-112.0,-98.0,-91.0,-91.0,-84.0,-84.0,-70.0,-98.0,-119.0,-113.0,-104.0,-150.0,-149.0,-127.0,-150.0,-158.0,-149.0
NO.768,5,-97.0,-142.0,-129.0,-105.0,-105.0,-127.0,-91.0,-90.0,-128.0,-148.0,-171.0,-140.0,-186.0,-177.0,-163.0,-171.0,-178.0,-185.0,-178.0,-241.0,-206.0,-206.0,-199.0,-185.0,-171.0,-171.0,-171.0,-171.0,-192.0,-199.0,-185.0,-178.0,-185.0,-185.0,-171.0,-171.0
NO.769,5,-171.0,-171.0,-157.0,-171.0,-171.0,-185.0,-171.0,-156.0,-170.0,-221.0,-220.0,-204.0,-248.0,-262.0,-206.0,-213.0,-234.0,-255.0,-171.0,-213.0,-185.0,-185.0,-185.0,-171.0,-171.0,-171.0,-171.0,-192.0,-171.0,-171.0,-157.0,-164.0,-171.0,-199.0,-150.0,-171.0
NO.770,2,-94.0,-95.0,-94.0,-84.0,-74.0,-113.0,-84.0,-84.0,-112.0,-122.0,-122.0,-122.0,-160.0,-141.0,-103.0,-141.0,-131.0,-141.0,-113.0,-171.0,-113.0,-142.0,-113.0,-84.0,-65.0,-84.0,-84.0,-170.0,-132.0,-103.0,-141.0,-160.0,-122.0,-141.0,-141.0,-160.0
NO.771,5,-140.0,-98.0,-142.0,-126.0,-170.0,-98.0,-126.0,-126.0,-170.0,-186.0,-185.0,-169.0,-171.0,-199.0,-199.0,-185.0,-171.0,-185.0,-128.0,-113.0,-171.0,-98.0,-156.0,-156.0,-156.0,-127.0,-128.0,-171.0,-171.0,-171.0,-157.0,-171.0,-171.0,-185.0,-157.0,-171.0
NO.772,0,-190.0,-189.0,-246.0,-170.0,-218.0,-246.0,-198.0,-189.0,-208.0,-302.0,-302.0,-264.0,-301.0,-310.0,-293.0,-272.0,-311.0,-330.0,-217.0,-217.0,-274.0,-236.0,-274.0,-255.0,-274.0,-217.0,-217.0,-283.0,-255.0,-255.0,-227.0,-255.0,-255.0,-283.0,-227.0,-255.0
NO.773,5,-143.0,-134.0,-128.0,-124.0,-130.0,-147.0,-112.0,-104.0,-141.0,-164.0,-171.0,-141.0,-175.0,-175.0,-159.0,-163.0,-175.0,-187.0,-133.0,-157.0,-187.0,-133.0,-162.0,-154.0,-126.0,-130.0,-150.0,-183.0,-171.0,-171.0,-179.0,-167.0,-171.0,-179.0,-167.0,-171.0
NO.774,7,-255.0,-255.0,-227.0,-255.0,-255.0,-276.0,-227.0,-199.0,-276.0,-262.0,-248.0,-220.0,-262.0,-248.0,-220.0,-255.0,-255.0,-255.0,-269.0,-339.0,-283.0,-297.0,-283.0,-276.0,-255.0,-276.0,-318.0,-290.0,-290.0,-311.0,-255.0,-248.0,-283.0,-255.0,-248.0,-248.0
NO.775,5,-161.0,-162.0,-161.0,-151.0,-151.0,-170.0,-132.0,-123.0,-160.0,-198.0,-179.0,-151.0,-207.0,-198.0,-180.0,-198.0,-198.0,-198.0,-169.0,-190.0,-208.0,-170.0,-189.0,-170.0,-171.0,-151.0,-161.0,-180.0,-171.0,-171.0,-162.0,-171.0,-171.0,-180.0,-162.0,-171.0
NO.776,4,-497.0,-486.0,-510.0,-496.0,-510.0,-506.0,-504.0,-494.0,-515.0,-514.0,-506.0,-482.0,-504.0,-502.0,-504.0,-504.0,-504.0,-504.0,-496.0,-475.0,-503.0,-489.0,-498.0,-498.0,-498.0,-493.0,-485.0,-505.0,-484.0,-491.0,-473.0,-465.0,-482.0,-482.0,-461.0,-463.0
NO.777,4,-387.0,-303.0,-476.0,-387.0,-406.0,-333.0,-380.0,-348.0,-448.0,-466.0,-465.0,-407.0,-483.0,-485.0,-445.0,-468.0,-465.0,-471.0,-558.0,-495.0,-651.0,-492.0,-576.0,-501.0,-414.0,-429.0,-426.0,-479.0,-448.0,-426.0,-457.0,-414.0,-426.0,-457.0,-432.0,-417.0
NO.778,4,-339.0,-197.0,-481.0,-339.0,-339.0,-226.0,-325.0,-297.0,-354.0,-353.0,-382.0,-341.0,-353.0,-369.0,-326.0,-339.0,-340.0,-369.0,-623.0,-481.0,-765.0,-481.0,-623.0,-510.0,-310.0,-368.0,-426.0,-412.0,-397.0,-427.0,-338.0,-340.0,-383.0,-354.0,-309.0,-340.0
NO.779,5,-151.0,-171.0,-141.0,-161.0,-151.0,-170.0,-141.0,-132.0,-171.0,-160.0,-161.0,-143.0,-181.0,-171.0,-151.0,-171.0,-162.0,-171.0,-171.0,-171.0,-171.0,-171.0,-171.0,-171.0,-171.0,-171.0,-171.0,-171.0,-171.0,-171.0,-171.0,-171.0,-171.0,-171.0,-171.0,-171.0
NO.780,1,-339.0,-367.0,-325.0,-339.0,-339.0,-382.0,-311.0,-283.0,-368.0,-367.0,-339.0,-283.0,-339.0,-339.0,-339.0,-339.0,-339.0,-339.0,-269.0,-269.0,-325.0,-282.0,-325.0,-269.0,-368.0,-325.0,-325.0,-354.0,-354.0,-339.0,-339.0,-339.0,-339.0,-339.0,-339.0,-339.0
NO.781,0,-255.0,-255.0,-274.0,-255.0,-255.0,-283.0,-236.0,-208.0,-274.0,-255.0,-256.0,-189.0,-274.0,-245.0,-227.0,-255.0,-255.0,-255.0,-217.0,-236.0,-198.0,-227.0,-217.0,-236.0,-264.0,-255.0,-255.0,-255.0,-246.0,-264.0,-219.0,-237.0,-246.0,-237.0,-210.0,-237.0
NO.782,5,-171.0,-213.0,-199.0,-171.0,-199.0,-227.0,-171.0,-157.0,-241.0,-171.0,-171.0,-199.0,-171.0,-171.0,-143.0,-171.0,-171.0,-171.0,-185.0,-185.0,-227.0,-213.0,-227.0,-129.0,-255.0,-185.0,-199.0,-213.0,-171.0,-171.0,-185.0,-171.0,-171.0,-171.0,-171.0,-171.0
NO.783,1,-314.0,-320.0,-336.0,-314.0,-331.0,-365.0,-311.0,-287.0,-347.0,-347.0,-339.0,-290.0,-361.0,-339.0,-310.0,-353.0,-348.0,-341.0,-335.0,-337.0,-337.0,-332.0,-338.0,-348.0,-343.0,-350.0,-363.0,-362.0,-355.0,-359.0,-341.0,-332.0,-350.0,-339.0,-339.0,-330.0
NO.784,1,-339.0,-339.0,-324.0,-339.0,-339.0,-368.0,-325.0,-311.0,-368.0,-353.0,-339.0,-326.0,-339.0,-324.0,-324.0,-339.0,-339.0,-339.0,-354.0,-354.0,-384.0,-324.0,-369.0,-354.0,-339.0,-339.0,-339.0,-384.0,-354.0,-339.0,-354.0,-339.0,-339.0,-339.0,-339.0,-339.0
NO.785,4,-486.0,-498.0,-518.0,-446.0,-498.0,-518.0,-442.0,-434.0,-470.0,-538.0,-510.0,-454.0,-510.0,-510.0,-510.0,-510.0,-510.0,-510.0,-494.0,-502.0,-486.0,-502.0,-494.0,-498.0,-498.0,-518.0,-498.0,-494.0,-486.0,-506.0,-482.0,-454.0,-486.0,-486.0,-462.0,-458.0
NO.786,4,-419.0,-426.0,-397.0,-433.0,-427.0,-411.0,-412.0,-398.0,-476.0,-524.0,-482.0,-419.0,-524.0,-503.0,-461.0,-510.0,-503.0,-496.0,-345.0,-339.0,-353.0,-353.0,-361.0,-368.0,-370.0,-368.0,-344.0,-497.0,-411.0,-368.0,-454.0,-413.0,-368.0,-461.0,-405.0,-376.0
NO.787,1,-349.0,-349.0,-339.0,-349.0,-344.0,-377.0,-335.0,-321.0,-377.0,-353.0,-344.0,-331.0,-344.0,-349.0,-329.0,-349.0,-334.0,-349.0,-311.0,-311.0,-344.0,-306.0,-340.0,-335.0,-345.0,-312.0,-319.0,-369.0,-344.0,-349.0,-334.0,-349.0,-344.0,-344.0,-329.0,-349.0
NO.788,1,-358.0,-390.0,-396.0,-351.0,-357.0,-403.0,-351.0,-317.0,-362.0,-356.0,-351.0,-352.0,-357.0,-363.0,-328.0,-369.0,-340.0,-351.0,-370.0,-387.0,-345.0,-375.0,-345.0,-357.0,-367.0,-369.0,-363.0,-380.0,-351.0,-357.0,-351.0,-339.0,-351.0,-345.0,-339.0,-333.0
NO.789,1,-339.0,-368.0,-362.0,-339.0,-362.0,-385.0,-339.0,-317.0,-425.0,-408.0,-391.0,-369.0,-471.0,-454.0,-369.0,-448.0,-437.0,-426.0,-340.0,-363.0,-339.0,-357.0,-356.0,-379.0,-420.0,-391.0,-386.0,-414.0,-386.0,-414.0,-374.0,-346.0,-391.0,-386.0,-351.0,-346.0
NO.790,1,-330.0,-339.0,-348.0,-321.0,-339.0,-368.0,-302.0,-283.0,-341.0,-311.0,-330.0,-292.0,-322.0,-311.0,-301.0,-312.0,-321.0,-330.0,-339.0,-339.0,-339.0,-329.0,-339.0,-339.0,-339.0,-339.0,-339.0,-368.0,-349.0,-339.0,-339.0,-339.0,-339.0,-339.0,-339.0,-339.0
NO.791,7,-264.0,-255.0,-320.0,-246.0,-292.0,-273.0,-255.0,-217.0,-303.0,-274.0,-255.0,-236.0,-237.0,-237.0,-227.0,-237.0,-246.0,-255.0,-339.0,-339.0,-339.0,-339.0,-339.0,-339.0,-320.0,-358.0,-339.0,-320.0,-311.0,-329.0,-274.0,-245.0,-292.0,-255.0,-246.0,-245.0
NO.792,5,-126.0,-151.0,-171.0,-121.0,-151.0,-165.0,-117.0,-108.0,-145.0,-180.0,-161.0,-133.0,-181.0,-176.0,-146.0,-171.0,-171.0,-171.0,-104.0,-126.0,-123.0,-117.0,-128.0,-123.0,-156.0,-108.0,-132.0,-176.0,-166.0,-161.0,-171.0,-176.0,-166.0,-171.0,-171.0,-176.0
NO.793,0,-220.0,-276.0,-234.0,-178.0,-185.0,-248.0,-171.0,-150.0,-227.0,-227.0,-227.0,-206.0,-283.0,-255.0,-199.0,-255.0,-255.0,-255.0,-206.0,-213.0,-185.0,-220.0,-206.0,-234.0,-255.0,-255.0,-255.0,-255.0,-255.0,-255.0,-255.0,-255.0,-255.0,-255.0,-255.0,-255.0
NO.794,0,-171.0,-185.0,-178.0,-171.0,-185.0,-185.0,-171.0,-135.0,-198.0,-214.0,-213.0,-190.0,-220.0,-241.0,-206.0,-206.0,-227.0,-234.0,-185.0,-192.0,-213.0,-185.0,-220.0,-248.0,-248.0,-227.0,-199.0,-255.0,-255.0,-255.0,-255.0,-255.0,-255.0,-255.0,-255.0,-255.0
NO.795,5,-189.0,-198.0,-208.0,-180.0,-171.0,-200.0,-171.0,-162.0,-180.0,-199.0,-227.0,-227.0,-265.0,-237.0,-199.0,-237.0,-246.0,-255.0,-151.0,-151.0,-181.0,-151.0,-171.0,-181.0,-162.0,-161.0,-141.0,-264.0,-218.0,-152.0,-274.0,-236.0,-208.0,-255.0,-283.0,-227.0
NO.796,7,-255.0,-274.0,-296.0,-255.0,-274.0,-289.0,-255.0,-233.0,-293.0,-290.0,-290.0,-293.0,-325.0,-315.0,-262.0,-306.0,-309.0,-312.0,-254.0,-273.0,-262.0,-271.0,-278.0,-305.0,-322.0,-307.0,-313.0,-331.0,-321.0,-336.0,-286.0,-295.0,-315.0,-296.0,-274.0,-295.0
NO.797,0,-255.0,-255.0,-255.0,-255.0,-255.0,-283.0,-244.0,-221.0,-271.0,-256.0,-255.0,-226.0,-266.0,-244.0,-216.0,-255.0,-255.0,-255.0,-255.0,-255.0,-255.0,-255.0,-255.0,-266.0,-244.0,-266.0,-288.0,-284.0,-272.0,-277.0,-261.0,-244.0,-266.0,-255.0,-255.0,-244.0
NO.798,4,-360.0,-386.0,-374.0,-363.0,-391.0,-420.0,-357.0,-345.0,-431.0,-412.0,-417.0,-368.0,-437.0,-415.0,-395.0,-423.0,-426.0,-423.0,-400.0,-408.0,-388.0,-410.0,-400.0,-414.0,-426.0,-426.0,-426.0,-441.0,-428.0,-424.0,-432.0,-432.0,-428.0,-428.0,-432.0,-432.0
NO.799,4,-342.0,-363.0,-360.0,-345.0,-380.0,-384.0,-345.0,-335.0,-430.0,-410.0,-409.0,-366.0,-445.0,-417.0,-390.0,-426.0,-426.0,-426.0,-354.0,-383.0,-346.0,-387.0,-372.0,-400.0,-430.0,-415.0,-409.0,-432.0,-425.0,-429.0,-420.0,-417.0,-423.0,-423.0,-417.0,-417.0
NO.800,7,-255.0,-269.0,-255.0,-255.0,-269.0,-269.0,-255.0,-241.0,-311.0,-297.0,-311.0,-297.0,-367.0,-339.0,-283.0,-339.0,-339.0,-339.0,-269.0,-269.0,-297.0,-269.0,-283.0,-283.0,-297.0,-255.0,-283.0,-353.0,-311.0,-297.0,-339.0,-339.0,-325.0,-339.0,-353.0,-325.0
NO.801,7,-255.0,-269.0,-269.0,-255.0,-283.0,-283.0,-241.0,-227.0,-297.0,-269.0,-255.0,-227.0,-255.0,-255.0,-241.0,-255.0,-255.0,-255.0,-241.0,-255.0,-255.0,-255.0,-255.0,-269.0,-311.0,-255.0,-283.0,-339.0,-269.0,-311.0,-255.0,-269.0,-297.0,-255.0,-255.0,-241.0
NO.802,0,-227.0,-241.0,-227.0,-185.0,-255.0,-227.0,-171.0,-171.0,-241.0,-283.0,-255.0,-199.0,-283.0,-283.0,-255.0,-283.0,-269.0,-255.0,-143.0,-171.0,-199.0,-199.0,-227.0,-227.0,-283.0,-199.0,-199.0,-255.0,-255.0,-255.0,-255.0,-255.0,-255.0,-255.0,-255.0,-255.0
NO.803,0,-241.0,-213.0,-199.0,-241.0,-283.0,-241.0,-227.0,-199.0,-297.0,-283.0,-255.0,-199.0,-283.0,-283.0,-255.0,-283.0,-269.0,-255.0,-143.0,-171.0,-171.0,-171.0,-185.0,-213.0,-255.0,-213.0,-213.0,-255.0,-255.0,-255.0,-255.0,-255.0,-255.0,-255.0,-255.0,-255.0
NO.804,0,-228.0,-255.0,-189.0,-265.0,-255.0,-235.0,-227.0,-199.0,-283.0,-283.0,-255.0,-199.0,-255.0,-255.0,-255.0,-255.0,-255.0,-255.0,-152.0,-171.0,-171.0,-162.0,-171.0,-171.0,-218.0,-143.0,-171.0,-227.0,-199.0,-171.0,-227.0,-143.0,-171.0,-208.0,-180.0,-162.0
NO.805,5,-171.0,-171.0,-171.0,-171.0,-171.0,-199.0,-171.0,-156.0,-184.0,-186.0,-171.0,-155.0,-213.0,-199.0,-143.0,-227.0,-185.0,-171.0,-141.0,-141.0,-186.0,-141.0,-171.0,-186.0,-157.0,-156.0,-126.0,-199.0,-185.0,-157.0,-241.0,-199.0,-185.0,-199.0,-241.0,-199.0
NO.806,1,-325.0,-339.0,-311.0,-311.0,-311.0,-312.0,-283.0,-241.0,-326.0,-339.0,-339.0,-255.0,-367.0,-325.0,-297.0,-339.0,-339.0,-339.0,-325.0,-339.0,-339.0,-325.0,-339.0,-339.0,-339.0,-339.0,-339.0,-339.0,-339.0,-339.0,-339.0,-339.0,-339.0,-339.0,-339.0,-339.0
NO.807,7,-255.0,-264.0,-255.0,-255.0,-264.0,-274.0,-255.0,-237.0,-302.0,-320.0,-311.0,-284.0,-367.0,-339.0,-283.0,-339.0,-339.0,-339.0,-245.0,-264.0,-310.0,-255.0,-310.0,-339.0,-339.0,-302.0,-264.0,-330.0,-330.0,-348.0,-321.0,-312.0,-330.0,-330.0,-312.0,-312.0
NO.808,0,-235.0,-239.0,-247.0,-227.0,-243.0,-267.0,-207.0,-191.0,-255.0,-227.0,-243.0,-179.0,-271.0,-231.0,-215.0,-251.0,-251.0,-243.0,-263.0,-287.0,-259.0,-267.0,-259.0,-255.0,-251.0,-263.0,-263.0,-255.0,-255.0,-255.0,-259.0,-255.0,-255.0,-251.0,-259.0,-255.0
NO.809,3,-28.0,0.0,0.0,-42.0,-42.0,-28.0,-42.0,-42.0,0.0,-14.0,-28.0,-56.0,0.0,-14.0,-28.0,0.0,14.0,-42.0,0.0,0.0,0.0,0.0,0.0,-14.0,-14.0,-28.0,-28.0,-84.0,-70.0,-56.0,-84.0,-98.0,-70.0,-84.0,-84.0,-98.0
NO.810,2,-98.0,-126.0,-169.0,-70.0,-98.0,-156.0,-42.0,-28.0,-84.0,-42.0,-113.0,-129.0,-42.0,-85.0,-84.0,-56.0,-69.0,-114.0,-42.0,-42.0,-42.0,-56.0,-42.0,-56.0,-97.0,-56.0,-56.0,-241.0,-170.0,-83.0,-200.0,-170.0,-127.0,-171.0,-186.0,-170.0
NO.811,5,-144.0,-162.0,-132.0,-132.0,-151.0,-206.0,-135.0,-113.0,-175.0,-194.0,-158.0,-105.0,-192.0,-184.0,-148.0,-192.0,-170.0,-154.0,-113.0,-142.0,-84.0,-142.0,-113.0,-145.0,-171.0,-174.0,-180.0,-174.0,-174.0,-180.0,-166.0,-162.0,-171.0,-154.0,-159.0,-166.0
NO.812,2,-84.0,-88.0,-84.0,-84.0,-92.0,-109.0,-84.0,-80.0,-113.0,-92.0,-92.0,-84.0,-96.0,-88.0,-80.0,-88.0,-92.0,-96.0,-68.0,-96.0,-84.0,-80.0,-84.0,-84.0,-92.0,-80.0,-72.0,-100.0,-100.0,-92.0,-104.0,-108.0,-100.0,-100.0,-108.0,-108.0
NO.813,1,-339.0,-339.0,-324.0,-339.0,-339.0,-382.0,-339.0,-325.0,-383.0,-397.0,-397.0,-354.0,-455.0,-426.0,-368.0,-412.0,-412.0,-426.0,-369.0,-354.0,-384.0,-339.0,-369.0,-354.0,-325.0,-339.0,-339.0,-383.0,-354.0,-339.0,-383.0,-354.0,-339.0,-397.0,-354.0,-339.0
NO.814,4,-339.0,-368.0,-378.0,-339.0,-358.0,-377.0,-339.0,-301.0,-435.0,-406.0,-397.0,-359.0,-455.0,-426.0,-386.0,-416.0,-416.0,-435.0,-407.0,-369.0,-407.0,-388.0,-407.0,-426.0,-426.0,-417.0,-426.0,-472.0,-454.0,-426.0,-453.0,-453.0,-444.0,-453.0,-462.0,-444.0
NO.815,7,-339.0,-339.0,-367.0,-339.0,-339.0,-368.0,-339.0,-311.0,-340.0,-425.0,-354.0,-240.0,-455.0,-382.0,-241.0,-426.0,-397.0,-284.0,-339.0,-241.0,-269.0,-297.0,-255.0,-283.0,-269.0,-311.0,-311.0,-283.0,-227.0,-283.0,-171.0,-199.0,-227.0,-171.0,-143.0,-199.0
NO.816,0,-227.0,-199.0,-227.0,-220.0,-241.0,-283.0,-241.0,-213.0,-269.0,-156.0,-198.0,-228.0,-126.0,-184.0,-100.0,-156.0,-106.0,-184.0,-297.0,-297.0,-248.0,-290.0,-255.0,-241.0,-248.0,-269.0,-269.0,-220.0,-206.0,-199.0,-178.0,-157.0,-185.0,-171.0,-171.0,-157.0
NO.817,0,-198.0,-199.0,-218.0,-198.0,-198.0,-226.0,-189.0,-170.0,-245.0,-264.0,-236.0,-208.0,-255.0,-255.0,-246.0,-255.0,-255.0,-255.0,-237.0,-237.0,-264.0,-246.0,-264.0,-255.0,-264.0,-237.0,-237.0,-273.0,-255.0,-255.0,-264.0,-255.0,-255.0,-255.0,-255.0,-255.0
NO.818,7,-255.0,-247.0,-255.0,-247.0,-259.0,-271.0,-235.0,-211.0,-259.0,-295.0,-267.0,-219.0,-315.0,-299.0,-243.0,-303.0,-295.0,-267.0,-255.0,-255.0,-255.0,-255.0,-255.0,-275.0,-251.0,-271.0,-315.0,-283.0,-287.0,-299.0,-271.0,-255.0,-283.0,-259.0,-263.0,-255.0
NO.819,7,-269.0,-269.0,-241.0,-283.0,-283.0,-283.0,-269.0,-241.0,-325.0,-269.0,-255.0,-241.0,-255.0,-255.0,-227.0,-255.0,-255.0,-255.0,-369.0,-327.0,-325.0,-327.0,-340.0,-369.0,-340.0,-369.0,-399.0,-338.0,-354.0,-369.0,-339.0,-338.0,-354.0,-297.0,-339.0,-338.0
NO.820,2,-79.0,-68.0,-67.0,-75.0,-79.0,-63.0,-57.0,-40.0,-92.0,-106.0,-84.0,-40.0,-84.0,-84.0,-84.0,-90.0,-78.0,-78.0,-62.0,-62.0,-95.0,-68.0,-90.0,-95.0,-90.0,-73.0,-75.0,-84.0,-90.0,-108.0,-78.0,-90.0,-96.0,-84.0,-78.0,-90.0
NO.821,5,-171.0,-186.0,-177.0,-171.0,-171.0,-228.0,-164.0,-149.0,-177.0,-213.0,-212.0,-180.0,-230.0,-225.0,-202.0,-206.0,-229.0,-234.0,-128.0,-141.0,-113.0,-148.0,-131.0,-153.0,-181.0,-171.0,-171.0,-191.0,-174.0,-171.0,-171.0,-164.0,-171.0,-199.0,-164.0,-164.0
NO.822,0,-171.0,-171.0,-171.0,-171.0,-171.0,-199.0,-171.0,-171.0,-208.0,-236.0,-218.0,-227.0,-274.0,-264.0,-208.0,-255.0,-255.0,-255.0,-171.0,-199.0,-255.0,-199.0,-227.0,-171.0,-227.0,-199.0,-227.0,-236.0,-236.0,-256.0,-208.0,-189.0,-227.0,-227.0,-189.0,-189.0
NO.823,0,-255.0,-273.0,-264.0,-255.0,-255.0,-283.0,-246.0,-218.0,-264.0,-274.0,-255.0,-226.0,-273.0,-273.0,-246.0,-273.0,-264.0,-255.0,-246.0,-255.0,-255.0,-255.0,-255.0,-255.0,-264.0,-255.0,-255.0,-264.0,-255.0,-255.0,-255.0,-255.0,-255.0,-255.0,-255.0,-255.0
NO.824,7,-269.0,-269.0,-297.0,-241.0,-297.0,-326.0,-255.0,-227.0,-326.0,-269.0,-283.0,-297.0,-255.0,-283.0,-227.0,-255.0,-227.0,-255.0,-339.0,-339.0,-339.0,-324.0,-339.0,-339.0,-354.0,-339.0,-339.0,-339.0,-311.0,-367.0,-255.0,-283.0,-311.0,-255.0,-227.0,-283.0
NO.825,0,-227.0,-171.0,-227.0,-199.0,-227.0,-283.0,-227.0,-199.0,-283.0,-171.0,-199.0,-241.0,-171.0,-227.0,-227.0,-185.0,-185.0,-213.0,-241.0,-255.0,-255.0,-241.0,-255.0,-255.0,-297.0,-255.0,-255.0,-269.0,-269.0,-241.0,-311.0,-283.0,-269.0,-297.0,-311.0,-283.0
NO.826,7,-255.0,-293.0,-274.0,-255.0,-255.0,-283.0,-246.0,-208.0,-282.0,-265.0,-292.0,-292.0,-264.0,-283.0,-255.0,-255.0,-236.0,-302.0,-330.0,-285.0,-339.0,-285.0,-339.0,-348.0,-330.0,-348.0,-312.0,-349.0,-339.0,-339.0,-339.0,-339.0,-339.0,-339.0,-339.0,-339.0
NO.827,0,-213.0,-241.0,-255.0,-241.0,-255.0,-283.0,-241.0,-213.0,-269.0,-213.0,-283.0,-255.0,-227.0,-241.0,-185.0,-227.0,-199.0,-241.0,-269.0,-311.0,-283.0,-311.0,-269.0,-227.0,-269.0,-241.0,-283.0,-297.0,-255.0,-255.0,-269.0,-255.0,-255.0,-255.0,-255.0,-255.0
NO.828,0,-171.0,-203.0,-211.0,-171.0,-203.0,-235.0,-171.0,-163.0,-247.0,-171.0,-207.0,-227.0,-171.0,-207.0,-195.0,-171.0,-159.0,-211.0,-231.0,-243.0,-219.0,-235.0,-231.0,-243.0,-263.0,-255.0,-255.0,-255.0,-255.0,-255.0,-255.0,-255.0,-255.0,-255.0,-255.0,-255.0
NO.829,2,-56.0,-27.0,-37.0,-9.0,-36.0,-18.0,0.0,0.0,-37.0,-75.0,-27.0,-28.0,-93.0,-84.0,-85.0,-84.0,-103.0,-65.0,-84.0,-75.0,-57.0,-48.0,-66.0,-93.0,-66.0,-84.0,-93.0,-56.0,-75.0,-84.0,-84.0,-84.0,-84.0,-84.0,-84.0,-84.0
NO.830,2,-96.0,-102.0,-96.0,-90.0,-90.0,-107.0,-84.0,-76.0,-129.0,-86.0,-93.0,-107.0,-90.0,-102.0,-95.0,-90.0,-81.0,-106.0,-81.0,-90.0,-84.0,-85.0,-87.0,-93.0,-111.0,-90.0,-99.0,-117.0,-113.0,-100.0,-129.0,-124.0,-113.0,-126.0,-131.0,-124.0
NO.831,5,-170.0,-126.0,-113.0,-141.0,-171.0,-198.0,-156.0,-127.0,-200.0,-84.0,-156.0,-141.0,-84.0,-112.0,-99.0,-84.0,-69.0,-156.0,-113.0,-142.0,-84.0,-142.0,-113.0,-156.0,-185.0,-171.0,-213.0,-171.0,-185.0,-199.0,-171.0,-157.0,-185.0,-171.0,-171.0,-157.0
NO.832,3,0.0,0.0,0.0,0.0,0.0,-21.0,0.0,0.0,-21.0,0.0,0.0,-14.0,0.0,0.0,-35.0,0.0,-7.0,-35.0,-14.0,-14.0,0.0,-7.0,-7.0,-28.0,-14.0,-35.0,-63.0,-21.0,-49.0,-63.0,-56.0,-63.0,-63.0,-63.0,-63.0,-63.0
NO.833,3,0.0,0.0,0.0,0.0,0.0,-3.0,0.0,0.0,-3.0,0.0,0.0,-9.0,0.0,0.0,-37.0,0.0,0.0,-47.0,0.0,0.0,-3.0,0.0,-3.0,-37.0,-38.0,-34.0,-68.0,-19.0,-72.0,-90.0,-65.0,-81.0,-87.0,-84.0,-84.0,-81.0
NO.834,3,-3.0,-3.0,3.0,-5.0,0.0,-10.0,0.0,-4.0,-13.0,-4.0,-8.0,-20.0,-14.0,-17.0,-44.0,-13.0,-25.0,-35.0,-6.0,-4.0,-12.0,-5.0,-13.0,-36.0,-22.0,-31.0,-40.0,-52.0,-67.0,-54.0,-72.0,-73.0,-67.0,-72.0,-80.0,-75.0
NO.835,3,-23.0,-28.0,-9.0,-14.0,-5.0,-5.0,0.0,0.0,-5.0,0.0,0.0,-9.0,0.0,0.0,-37.0,0.0,0.0,-47.0,0.0,0.0,0.0,0.0,0.0,-14.0,-13.0,-14.0,-33.0,-43.0,-66.0,-38.0,-79.0,-80.0,-61.0,-84.0,-93.0,-80.0
NO.836,5,-124.0,-128.0,-136.0,-110.0,-135.0,-177.0,-117.0,-102.0,-154.0,-199.0,-161.0,-120.0,-182.0,-190.0,-175.0,-167.0,-179.0,-197.0,-139.0,-152.0,-135.0,-155.0,-148.0,-160.0,-174.0,-167.0,-171.0,-179.0,-183.0,-173.0,-193.0,-191.0,-185.0,-195.0,-201.0,-189.0
NO.837,2,-42.0,-42.0,-70.0,-35.0,-56.0,-77.0,-35.0,-21.0,-56.0,-98.0,-84.0,-49.0,-119.0,-98.0,-70.0,-105.0,-98.0,-112.0,-63.0,-63.0,-70.0,-63.0,-70.0,-77.0,-70.0,-63.0,-56.0,-127.0,-113.0,-91.0,-105.0,-112.0,-98.0,-105.0,-105.0,-112.0
NO.838,5,-171.0,-171.0,-171.0,-171.0,-171.0,-199.0,-171.0,-156.0,-184.0,-186.0,-185.0,-183.0,-171.0,-185.0,-171.0,-171.0,-143.0,-185.0,-156.0,-141.0,-141.0,-141.0,-141.0,-171.0,-171.0,-142.0,-126.0,-269.0,-213.0,-171.0,-227.0,-227.0,-185.0,-227.0,-213.0,-185.0
NO.839,0,-248.0,-255.0,-241.0,-241.0,-248.0,-297.0,-234.0,-206.0,-276.0,-297.0,-276.0,-199.0,-304.0,-276.0,-241.0,-283.0,-276.0,-262.0,-178.0,-192.0,-199.0,-199.0,-220.0,-227.0,-255.0,-227.0,-234.0,-304.0,-283.0,-262.0,-241.0,-241.0,-248.0,-234.0,-227.0,-241.0
NO.840,5,-152.0,-170.0,-189.0,-133.0,-170.0,-160.0,-114.0,-105.0,-189.0,-104.0,-151.0,-161.0,-84.0,-132.0,-124.0,-104.0,-94.0,-141.0,-162.0,-171.0,-171.0,-180.0,-189.0,-180.0,-217.0,-170.0,-189.0,-180.0,-189.0,-189.0,-171.0,-162.0,-180.0,-171.0,-171.0,-162.0
NO.841,1,-279.0,-291.0,-247.0,-299.0,-303.0,-307.0,-287.0,-271.0,-311.0,-421.0,-373.0,-305.0,-451.0,-422.0,-344.0,-430.0,-414.0,-398.0,-219.0,-231.0,-251.0,-227.0,-259.0,-283.0,-291.0,-263.0,-295.0,-344.0,-327.0,-323.0,-347.0,-295.0,-319.0,-351.0,-323.0,-299.0
NO.842,2,-141.0,-185.0,-113.0,-156.0,-141.0,-140.0,-126.0,-98.0,-98.0,-112.0,-112.0,-70.0,-112.0,-98.0,-70.0,-98.0,-112.0,-112.0,-84.0,-126.0,-98.0,-98.0,-98.0,-84.0,-84.0,-84.0,-84.0,-127.0,-113.0,-84.0,-84.0,-84.0,-84.0,-84.0,-84.0,-84.0
NO.843,1,-339.0,-346.0,-353.0,-339.0,-339.0,-375.0,-325.0,-297.0,-354.0,-346.0,-325.0,-311.0,-332.0,-339.0,-311.0,-325.0,-325.0,-339.0,-311.0,-255.0,-311.0,-283.0,-311.0,-339.0,-332.0,-339.0,-339.0,-376.0,-354.0,-339.0,-346.0,-339.0,-339.0,-339.0,-339.0,-339.0
NO.844,7,-273.0,-283.0,-265.0,-255.0,-274.0,-274.0,-255.0,-236.0,-321.0,-255.0,-264.0,-273.0,-273.0,-291.0,-273.0,-273.0,-273.0,-273.0,-292.0,-292.0,-252.0,-283.0,-262.0,-302.0,-292.0,-302.0,-292.0,-246.0,-264.0,-273.0,-246.0,-246.0,-264.0,-264.0,-246.0,-246.0
NO.845,7,-283.0,-283.0,-255.0,-311.0,-311.0,-298.0,-311.0,-283.0,-382.0,-255.0,-283.0,-269.0,-227.0,-241.0,-269.0,-227.0,-255.0,-283.0,-255.0,-255.0,-255.0,-227.0,-255.0,-283.0,-297.0,-269.0,-325.0,-353.0,-339.0,-339.0,-311.0,-339.0,-353.0,-297.0,-325.0,-325.0
NO.846,4,-433.0,-461.0,-483.0,-419.0,-482.0,-489.0,-426.0,-426.0,-468.0,-538.0,-503.0,-461.0,-510.0,-517.0,-503.0,-510.0,-517.0,-510.0,-425.0,-395.0,-390.0,-424.0,-418.0,-440.0,-503.0,-468.0,-447.0,-489.0,-440.0,-433.0,-440.0,-419.0,-433.0,-454.0,-412.0,-426.0
NO.847,4,-406.0,-444.0,-415.0,-416.0,-444.0,-464.0,-416.0,-387.0,-454.0,-454.0,-436.0,-368.0,-454.0,-434.0,-397.0,-444.0,-435.0,-426.0,-369.0,-377.0,-359.0,-377.0,-378.0,-397.0,-435.0,-416.0,-396.0,-435.0,-387.0,-415.0,-367.0,-339.0,-377.0,-378.0,-320.0,-348.0
NO.848,1,-323.0,-323.0,-340.0,-334.0,-351.0,-385.0,-334.0,-312.0,-362.0,-278.0,-322.0,-302.0,-259.0,-283.0,-305.0,-254.0,-282.0,-322.0,-345.0,-351.0,-333.0,-345.0,-339.0,-333.0,-357.0,-339.0,-357.0,-345.0,-322.0,-356.0,-283.0,-299.0,-322.0,-311.0,-266.0,-299.0
NO.849,2,-56.0,-70.0,-42.0,-70.0,-70.0,-28.0,-42.0,-28.0,-56.0,-98.0,-70.0,-42.0,-84.0,-84.0,-84.0,-84.0,-84.0,-84.0,-28.0,-84.0,-28.0,-42.0,-28.0,-28.0,-42.0,-28.0,-56.0,-98.0,-98.0,-84.0,-84.0,-84.0,-84.0,-84.0,-84.0,-84.0
NO.850,1,-339.0,-339.0,-339.0,-339.0,-339.0,-340.0,-318.0,-290.0,-375.0,-311.0,-311.0,-263.0,-325.0,-269.0,-261.0,-311.0,-304.0,-283.0,-346.0,-311.0,-318.0,-317.0,-325.0,-332.0,-340.0,-331.0,-360.0,-419.0,-368.0,-332.0,-396.0,-360.0,-346.0,-325.0,-381.0,-360.0
NO.851,7,-283.0,-283.0,-255.0,-311.0,-297.0,-269.0,-311.0,-255.0,-353.0,-297.0,-255.0,-227.0,-297.0,-269.0,-283.0,-269.0,-297.0,-283.0,-283.0,-283.0,-325.0,-297.0,-325.0,-339.0,-339.0,-339.0,-339.0,-311.0,-339.0,-339.0,-339.0,-339.0,-339.0,-325.0,-353.0,-339.0
NO.852,0,-246.0,-228.0,-246.0,-237.0,-246.0,-283.0,-236.0,-208.0,-274.0,-255.0,-209.0,-161.0,-265.0,-227.0,-245.0,-237.0,-265.0,-246.0,-282.0,-255.0,-264.0,-255.0,-264.0,-255.0,-245.0,-264.0,-282.0,-255.0,-255.0,-255.0,-255.0,-255.0,-255.0,-255.0,-255.0,-255.0
NO.853,0,-213.0,-199.0,-213.0,-213.0,-241.0,-255.0,-199.0,-185.0,-269.0,-185.0,-199.0,-185.0,-199.0,-199.0,-213.0,-185.0,-199.0,-241.0,-213.0,-241.0,-255.0,-241.0,-255.0,-255.0,-255.0,-255.0,-255.0,-227.0,-241.0,-269.0,-213.0,-213.0,-241.0,-241.0,-213.0,-213.0
NO.854,3,19.0,-38.0,-48.0,0.0,0.0,-9.0,0.0,19.0,-18.0,0.0,-19.0,-48.0,-9.0,-28.0,0.0,-28.0,1.0,-18.0,-38.0,-46.0,-9.0,-47.0,-9.0,0.0,-28.0,0.0,9.0,-75.0,-38.0,0.0,-47.0,-28.0,-9.0,-37.0,-38.0,-9.0
NO.855,5,-95.0,-141.0,-171.0,-74.0,-123.0,-141.0,-84.0,-74.0,-142.0,-142.0,-152.0,-103.0,-181.0,-171.0,-142.0,-133.0,-161.0,-161.0,-103.0,-102.0,-104.0,-112.0,-123.0,-161.0,-171.0,-170.0,-178.0,-162.0,-180.0,-189.0,-171.0,-162.0,-180.0,-171.0,-171.0,-162.0
NO.856,2,-81.0,-78.0,-78.0,-84.0,-84.0,-113.0,-81.0,-78.0,-116.0,-72.0,-84.0,-91.0,-54.0,-63.0,-80.0,-54.0,-69.0,-90.0,-72.0,-93.0,-81.0,-80.0,-84.0,-88.0,-84.0,-91.0,-96.0,-118.0,-104.0,-101.0,-101.0,-101.0,-101.0,-94.0,-94.0,-100.0
NO.857,3,0.0,0.0,0.0,0.0,0.0,0.0,0.0,0.0,0.0,0.0,0.0,0.0,0.0,0.0,0.0,0.0,0.0,0.0,0.0,0.0,0.0,0.0,0.0,0.0,0.0,0.0,0.0,-28.0,-28.0,0.0,0.0,0.0,0.0,0.0,0.0,0.0
NO.858,0,-171.0,-191.0,-187.0,-171.0,-195.0,-215.0,-171.0,-167.0,-227.0,-175.0,-187.0,-191.0,-183.0,-199.0,-215.0,-175.0,-191.0,-215.0,-151.0,-171.0,-179.0,-167.0,-179.0,-215.0,-211.0,-215.0,-223.0,-227.0,-255.0,-255.0,-239.0,-255.0,-255.0,-255.0,-255.0,-255.0
NO.859,2,-142.0,-122.0,-75.0,-132.0,-133.0,-113.0,-114.0,-104.0,-132.0,-132.0,-151.0,-103.0,-142.0,-113.0,-122.0,-123.0,-123.0,-141.0,-84.0,-141.0,-103.0,-103.0,-103.0,-84.0,-65.0,-84.0,-84.0,-132.0,-75.0,-84.0,-122.0,-103.0,-65.0,-160.0,-122.0,-103.0
NO.860,2,-84.0,-98.0,-69.0,-84.0,-112.0,-113.0,-84.0,-84.0,-127.0,-84.0,-141.0,-185.0,-84.0,-142.0,-113.0,-84.0,-99.0,-142.0,-113.0,-171.0,-113.0,-128.0,-113.0,-113.0,-112.0,-113.0,-157.0,-227.0,-199.0,-171.0,-185.0,-171.0,-171.0,-171.0,-171.0,-171.0
NO.861,5,-125.0,-149.0,-142.0,-114.0,-128.0,-137.0,-108.0,-90.0,-166.0,-159.0,-149.0,-144.0,-186.0,-179.0,-139.0,-171.0,-171.0,-171.0,-88.0,-111.0,-122.0,-125.0,-142.0,-145.0,-196.0,-132.0,-134.0,-174.0,-174.0,-171.0,-171.0,-171.0,-171.0,-171.0,-171.0,-171.0
NO.862,2,-85.0,-87.0,-102.0,-68.0,-80.0,-109.0,-73.0,-64.0,-82.0,-115.0,-107.0,-83.0,-134.0,-129.0,-115.0,-124.0,-130.0,-129.0,-102.0,-103.0,-102.0,-101.0,-100.0,-94.0,-94.0,-100.0,-88.0,-108.0,-103.0,-86.0,-94.0,-94.0,-92.0,-111.0,-96.0,-90.0
NO.863,3,0.0,-28.0,-28.0,0.0,0.0,-28.0,0.0,14.0,-42.0,-28.0,-56.0,-56.0,-112.0,-84.0,-28.0,-84.0,-84.0,-84.0,0.0,0.0,0.0,0.0,0.0,0.0,-14.0,0.0,14.0,-84.0,-42.0,0.0,-98.0,-84.0,-42.0,-84.0,-98.0,-84.0
NO.864,2,-84.0,-84.0,-77.0,-84.0,-84.0,-91.0,-84.0,-84.0,-91.0,-127.0,-185.0,-127.0,-200.0,-170.0,-177.0,-171.0,-200.0,-199.0,-84.0,-105.0,-91.0,-91.0,-91.0,-91.0,-91.0,-84.0,-98.0,-163.0,-148.0,-112.0,-135.0,-118.0,-119.0,-170.0,-127.0,-118.0
NO.865,5,-171.0,-183.0,-168.0,-171.0,-171.0,-207.0,-150.0,-121.0,-191.0,-204.0,-171.0,-113.0,-203.0,-203.0,-171.0,-203.0,-187.0,-171.0,-142.0,-144.0,-130.0,-149.0,-142.0,-159.0,-171.0,-171.0,-171.0,-171.0,-171.0,-171.0,-171.0,-171.0,-171.0,-171.0,-171.0,-171.0
NO.866,3,-7.0,-21.0,-28.0,-14.0,-14.0,-35.0,0.0,0.0,-21.0,-7.0,-35.0,-35.0,-14.0,-35.0,-42.0,-7.0,-21.0,-49.0,-14.0,-63.0,-21.0,-42.0,-21.0,0.0,-14.0,7.0,0.0,-63.0,-28.0,0.0,-35.0,-42.0,-28.0,-49.0,-49.0,-28.0
NO.867,2,-78.0,-84.0,-88.0,-75.0,-78.0,-96.0,-71.0,-71.0,-89.0,-134.0,-142.0,-121.0,-193.0,-178.0,-138.0,-171.0,-179.0,-171.0,-84.0,-84.0,-84.0,-84.0,-84.0,-84.0,-84.0,-88.0,-80.0,-149.0,-114.0,-84.0,-157.0,-127.0,-116.0,-160.0,-163.0,-117.0
NO.868,5,-127.0,-139.0,-134.0,-128.0,-142.0,-152.0,-124.0,-122.0,-167.0,-179.0,-165.0,-137.0,-180.0,-171.0,-156.0,-177.0,-171.0,-165.0,-100.0,-111.0,-122.0,-111.0,-128.0,-153.0,-153.0,-136.0,-135.0,-179.0,-176.0,-171.0,-174.0,-171.0,-171.0,-168.0,-174.0,-171.0
NO.869,2,-84.0,-84.0,-84.0,-84.0,-84.0,-94.0,-75.0,-66.0,-94.0,-142.0,-132.0,-95.0,-150.0,-141.0,-132.0,-141.0,-150.0,-141.0,-84.0,-84.0,-84.0,-84.0,-84.0,-84.0,-84.0,-74.0,-84.0,-113.0,-103.0,-84.0,-95.0,-74.0,-84.0,-113.0,-85.0,-74.0
NO.870,5,-151.0,-151.0,-161.0,-131.0,-161.0,-209.0,-141.0,-132.0,-179.0,-208.0,-189.0,-151.0,-217.0,-208.0,-170.0,-218.0,-198.0,-198.0,-161.0,-141.0,-161.0,-142.0,-161.0,-171.0,-171.0,-171.0,-171.0,-199.0,-190.0,-171.0,-162.0,-171.0,-171.0,-180.0,-162.0,-171.0
NO.871,0,-233.0,-250.0,-260.0,-246.0,-255.0,-288.0,-231.0,-203.0,-279.0,-288.0,-250.0,-204.0,-273.0,-269.0,-250.0,-273.0,-264.0,-255.0,-217.0,-211.0,-203.0,-216.0,-217.0,-241.0,-255.0,-255.0,-255.0,-255.0,-255.0,-255.0,-255.0,-255.0,-255.0,-255.0,-255.0,-255.0
NO.872,0,-241.0,-241.0,-269.0,-241.0,-248.0,-269.0,-248.0,-234.0,-262.0,-269.0,-255.0,-241.0,-283.0,-283.0,-241.0,-283.0,-269.0,-255.0,-234.0,-213.0,-227.0,-227.0,-227.0,-241.0,-269.0,-227.0,-248.0,-318.0,-276.0,-262.0,-262.0,-262.0,-262.0,-255.0,-255.0,-255.0
NO.873,7,-255.0,-255.0,-255.0,-255.0,-255.0,-283.0,-255.0,-241.0,-283.0,-353.0,-283.0,-311.0,-369.0,-397.0,-311.0,-369.0,-382.0,-339.0,-255.0,-255.0,-255.0,-241.0,-255.0,-269.0,-283.0,-255.0,-283.0,-339.0,-325.0,-283.0,-353.0,-325.0,-311.0,-339.0,-353.0,-325.0
NO.874,0,-321.0,-292.0,-254.0,-292.0,-292.0,-246.0,-255.0,-255.0,-330.0,-339.0,-301.0,-321.0,-348.0,-358.0,-311.0,-339.0,-339.0,-339.0,-141.0,-151.0,-190.0,-170.0,-199.0,-208.0,-256.0,-161.0,-207.0,-292.0,-273.0,-246.0,-302.0,-263.0,-264.0,-311.0,-292.0,-263.0
NO.875,7,-283.0,-297.0,-297.0,-269.0,-269.0,-297.0,-255.0,-255.0,-297.0,-283.0,-269.0,-255.0,-311.0,-269.0,-227.0,-283.0,-269.0,-283.0,-255.0,-297.0,-269.0,-269.0,-283.0,-297.0,-325.0,-297.0,-297.0,-353.0,-339.0,-339.0,-339.0,-353.0,-339.0,-297.0,-339.0,-353.0
NO.876,0,-227.0,-255.0,-255.0,-199.0,-227.0,-255.0,-171.0,-171.0,-213.0,-227.0,-227.0,-213.0,-283.0,-255.0,-199.0,-255.0,-255.0,-255.0,-199.0,-241.0,-269.0,-227.0,-269.0,-227.0,-269.0,-199.0,-227.0,-255.0,-255.0,-255.0,-255.0,-255.0,-255.0,-255.0,-255.0,-255.0
NO.877,0,-171.0,-185.0,-171.0,-171.0,-185.0,-185.0,-171.0,-157.0,-241.0,-241.0,-213.0,-227.0,-269.0,-269.0,-213.0,-255.0,-255.0,-255.0,-143.0,-213.0,-213.0,-199.0,-227.0,-241.0,-269.0,-213.0,-185.0,-241.0,-241.0,-269.0,-227.0,-213.0,-241.0,-241.0,-213.0,-213.0
NO.878,0,-251.0,-251.0,-251.0,-243.0,-251.0,-271.0,-219.0,-195.0,-275.0,-275.0,-251.0,-199.0,-283.0,-279.0,-247.0,-279.0,-267.0,-255.0,-247.0,-231.0,-247.0,-239.0,-247.0,-255.0,-255.0,-255.0,-255.0,-255.0,-255.0,-255.0,-255.0,-255.0,-255.0,-255.0,-255.0,-255.0
NO.879,5,-126.0,-141.0,-126.0,-126.0,-141.0,-140.0,-126.0,-111.0,-185.0,-156.0,-156.0,-141.0,-186.0,-171.0,-141.0,-171.0,-171.0,-171.0,-126.0,-171.0,-141.0,-156.0,-141.0,-141.0,-171.0,-141.0,-156.0,-213.0,-213.0,-157.0,-199.0,-213.0,-185.0,-185.0,-213.0,-213.0
NO.880,0,-171.0,-175.0,-166.0,-171.0,-179.0,-204.0,-171.0,-166.0,-208.0,-255.0,-236.0,-208.0,-302.0,-269.0,-212.0,-278.0,-274.0,-265.0,-178.0,-198.0,-193.0,-183.0,-203.0,-227.0,-217.0,-217.0,-216.0,-255.0,-265.0,-255.0,-260.0,-260.0,-255.0,-255.0,-255.0,-255.0
NO.881,0,-220.0,-234.0,-213.0,-213.0,-234.0,-269.0,-206.0,-192.0,-255.0,-304.0,-262.0,-192.0,-325.0,-297.0,-255.0,-318.0,-297.0,-262.0,-213.0,-234.0,-192.0,-227.0,-213.0,-234.0,-262.0,-255.0,-255.0,-255.0,-255.0,-255.0,-255.0,-255.0,-255.0,-255.0,-255.0,-255.0
NO.882,1,-339.0,-339.0,-324.0,-339.0,-339.0,-368.0,-325.0,-297.0,-354.0,-353.0,-325.0,-283.0,-339.0,-339.0,-339.0,-339.0,-339.0,-339.0,-311.0,-356.0,-354.0,-326.0,-340.0,-325.0,-339.0,-311.0,-325.0,-339.0,-369.0,-339.0,-354.0,-354.0,-339.0,-339.0,-339.0,-339.0
NO.883,7,-255.0,-255.0,-283.0,-255.0,-255.0,-283.0,-255.0,-255.0,-269.0,-255.0,-255.0,-255.0,-255.0,-255.0,-255.0,-255.0,-255.0,-255.0,-255.0,-255.0,-255.0,-255.0,-255.0,-269.0,-255.0,-269.0,-297.0,-339.0,-311.0,-297.0,-325.0,-339.0,-311.0,-311.0,-311.0,-325.0
NO.884,7,-185.0,-185.0,-241.0,-157.0,-199.0,-227.0,-171.0,-157.0,-213.0,-339.0,-311.0,-241.0,-367.0,-339.0,-297.0,-339.0,-367.0,-339.0,-255.0,-255.0,-255.0,-255.0,-255.0,-269.0,-269.0,-255.0,-297.0,-297.0,-311.0,-283.0,-339.0,-325.0,-311.0,-339.0,-353.0,-325.0
NO.885,1,-339.0,-339.0,-339.0,-339.0,-339.0,-368.0,-330.0,-311.0,-358.0,-358.0,-339.0,-311.0,-339.0,-339.0,-329.0,-339.0,-329.0,-339.0,-339.0,-339.0,-339.0,-329.0,-339.0,-339.0,-349.0,-320.0,-339.0,-359.0,-349.0,-339.0,-339.0,-339.0,-339.0,-339.0,-339.0,-339.0
NO.886,4,-418.0,-420.0,-394.0,-415.0,-436.0,-434.0,-403.0,-382.0,-454.0,-512.0,-459.0,-408.0,-509.0,-494.0,-462.0,-491.0,-508.0,-487.0,-368.0,-398.0,-369.0,-398.0,-390.0,-390.0,-433.0,-398.0,-405.0,-401.0,-402.0,-400.0,-399.0,-346.0,-389.0,-428.0,-381.0,-351.0
NO.887,2,-162.0,-171.0,-133.0,-128.0,-120.0,-127.0,-84.0,-70.0,-106.0,-105.0,-112.0,-91.0,-112.0,-105.0,-105.0,-98.0,-97.0,-126.0,-98.0,-171.0,-113.0,-127.0,-113.0,-84.0,-84.0,-84.0,-84.0,-105.0,-105.0,-70.0,-133.0,-112.0,-98.0,-126.0,-140.0,-112.0
NO.888,0,-229.0,-236.0,-226.0,-237.0,-265.0,-236.0,-209.0,-190.0,-256.0,-218.0,-227.0,-191.0,-247.0,-219.0,-199.0,-237.0,-237.0,-219.0,-180.0,-189.0,-171.0,-170.0,-190.0,-199.0,-236.0,-208.0,-169.0,-274.0,-245.0,-217.0,-264.0,-274.0,-236.0,-246.0,-264.0,-274.0
NO.889,0,-255.0,-255.0,-260.0,-255.0,-255.0,-283.0,-250.0,-226.0,-264.0,-290.0,-266.0,-207.0,-297.0,-281.0,-259.0,-284.0,-286.0,-264.0,-250.0,-240.0,-250.0,-243.0,-250.0,-255.0,-255.0,-255.0,-255.0,-265.0,-255.0,-255.0,-260.0,-255.0,-255.0,-255.0,-255.0,-255.0
NO.890,5,-171.0,-171.0,-171.0,-171.0,-171.0,-199.0,-171.0,-171.0,-199.0,-171.0,-199.0,-255.0,-171.0,-199.0,-171.0,-185.0,-143.0,-185.0,-126.0,-171.0,-156.0,-156.0,-156.0,-171.0,-157.0,-156.0,-126.0,-213.0,-213.0,-171.0,-227.0,-185.0,-171.0,-213.0,-171.0,-171.0
NO.891,7,-255.0,-255.0,-255.0,-255.0,-255.0,-283.0,-255.0,-246.0,-274.0,-320.0,-311.0,-293.0,-367.0,-339.0,-283.0,-339.0,-358.0,-339.0,-255.0,-255.0,-255.0,-255.0,-255.0,-274.0,-245.0,-274.0,-303.0,-349.0,-340.0,-303.0,-348.0,-330.0,-321.0,-339.0,-348.0,-330.0
NO.892,7,-283.0,-269.0,-255.0,-255.0,-255.0,-283.0,-255.0,-255.0,-297.0,-311.0,-311.0,-311.0,-367.0,-346.0,-283.0,-332.0,-332.0,-346.0,-255.0,-255.0,-255.0,-227.0,-262.0,-283.0,-290.0,-262.0,-304.0,-332.0,-325.0,-304.0,-325.0,-304.0,-311.0,-325.0,-318.0,-304.0
NO.893,1,-369.0,-354.0,-324.0,-399.0,-354.0,-368.0,-369.0,-354.0,-398.0,-339.0,-339.0,-354.0,-339.0,-339.0,-324.0,-339.0,-339.0,-339.0,-339.0,-339.0,-339.0,-324.0,-339.0,-339.0,-354.0,-324.0,-339.0,-412.0,-368.0,-339.0,-368.0,-339.0,-339.0,-339.0,-339.0,-339.0
NO.894,1,-339.0,-354.0,-354.0,-339.0,-354.0,-362.0,-335.0,-301.0,-387.0,-365.0,-383.0,-369.0,-388.0,-388.0,-349.0,-364.0,-359.0,-393.0,-324.0,-339.0,-339.0,-330.0,-339.0,-354.0,-373.0,-340.0,-379.0,-407.0,-388.0,-379.0,-383.0,-377.0,-374.0,-401.0,-369.0,-364.0
NO.895,7,-311.0,-325.0,-339.0,-269.0,-311.0,-354.0,-255.0,-255.0,-312.0,-255.0,-269.0,-297.0,-255.0,-283.0,-255.0,-255.0,-269.0,-283.0,-339.0,-339.0,-339.0,-339.0,-339.0,-339.0,-339.0,-339.0,-339.0,-339.0,-339.0,-339.0,-353.0,-339.0,-339.0,-325.0,-353.0,-339.0
NO.896,1,-325.0,-325.0,-283.0,-353.0,-325.0,-312.0,-325.0,-283.0,-368.0,-311.0,-339.0,-255.0,-339.0,-283.0,-311.0,-311.0,-325.0,-339.0,-283.0,-311.0,-325.0,-283.0,-311.0,-325.0,-325.0,-297.0,-283.0,-339.0,-339.0,-339.0,-339.0,-339.0,-339.0,-339.0,-339.0,-339.0
NO.897,0,-255.0,-255.0,-269.0,-255.0,-255.0,-297.0,-255.0,-255.0,-269.0,-255.0,-255.0,-255.0,-255.0,-255.0,-255.0,-255.0,-255.0,-255.0,-199.0,-213.0,-283.0,-227.0,-283.0,-213.0,-283.0,-171.0,-227.0,-269.0,-269.0,-241.0,-255.0,-255.0,-241.0,-255.0,-255.0,-241.0
NO.898,1,-339.0,-362.0,-317.0,-339.0,-344.0,-380.0,-311.0,-283.0,-373.0,-333.0,-334.0,-271.0,-356.0,-327.0,-317.0,-339.0,-344.0,-339.0,-283.0,-311.0,-255.0,-311.0,-283.0,-311.0,-339.0,-339.0,-339.0,-339.0,-328.0,-311.0,-339.0,-311.0,-316.0,-339.0,-316.0,-311.0
NO.899,7,-297.0,-269.0,-269.0,-325.0,-283.0,-269.0,-311.0,-269.0,-311.0,-311.0,-311.0,-283.0,-367.0,-339.0,-269.0,-339.0,-339.0,-311.0,-339.0,-269.0,-297.0,-269.0,-311.0,-325.0,-325.0,-311.0,-283.0,-339.0,-297.0,-269.0,-297.0,-269.0,-283.0,-283.0,-269.0,-283.0
NO.900,2,-84.0,-84.0,-84.0,-84.0,-84.0,-84.0,-84.0,-70.0,-70.0,-98.0,-84.0,-56.0,-84.0,-84.0,-84.0,-84.0,-84.0,-84.0,-28.0,-28.0,-98.0,-42.0,-98.0,-84.0,-98.0,-42.0,-28.0,-113.0,-113.0,-70.0,-84.0,-84.0,-70.0,-84.0,-84.0,-70.0
NO.901,3,-28.0,-14.0,14.0,-56.0,-14.0,-14.0,-42.0,-28.0,-42.0,0.0,-28.0,-28.0,0.0,-14.0,-56.0,-14.0,14.0,0.0,0.0,0.0,0.0,0.0,0.0,-14.0,-28.0,-14.0,-14.0,-127.0,-85.0,-28.0,-84.0,-70.0,-42.0,-42.0,-56.0,-56.0
NO.902,0,-199.0,-171.0,-199.0,-185.0,-199.0,-227.0,-199.0,-185.0,-241.0,-283.0,-213.0,-199.0,-297.0,-269.0,-255.0,-312.0,-325.0,-254.0,-199.0,-185.0,-171.0,-185.0,-185.0,-213.0,-227.0,-213.0,-185.0,-269.0,-255.0,-184.0,-255.0,-199.0,-212.0,-255.0,-227.0,-184.0
NO.903,0,-213.0,-199.0,-200.0,-213.0,-227.0,-269.0,-241.0,-213.0,-283.0,-283.0,-255.0,-199.0,-311.0,-297.0,-255.0,-311.0,-297.0,-255.0,-171.0,-154.0,-142.0,-198.0,-198.0,-185.0,-269.0,-213.0,-199.0,-255.0,-227.0,-156.0,-269.0,-199.0,-184.0,-255.0,-227.0,-199.0
NO.904,0,-199.0,-185.0,-157.0,-227.0,-213.0,-241.0,-241.0,-227.0,-283.0,-283.0,-255.0,-199.0,-255.0,-255.0,-255.0,-255.0,-255.0,-255.0,-157.0,-171.0,-185.0,-185.0,-227.0,-213.0,-269.0,-199.0,-199.0,-255.0,-241.0,-227.0,-255.0,-227.0,-241.0,-255.0,-241.0,-227.0
NO.905,1,-331.0,-349.0,-358.0,-359.0,-359.0,-377.0,-369.0,-340.0,-378.0,-358.0,-339.0,-301.0,-339.0,-339.0,-339.0,-339.0,-339.0,-339.0,-301.0,-255.0,-311.0,-283.0,-311.0,-358.0,-359.0,-358.0,-377.0,-320.0,-358.0,-339.0,-339.0,-311.0,-330.0,-339.0,-321.0,-330.0
NO.906,0,-246.0,-255.0,-246.0,-255.0,-264.0,-283.0,-255.0,-237.0,-292.0,-264.0,-255.0,-256.0,-255.0,-255.0,-236.0,-255.0,-255.0,-255.0,-220.0,-228.0,-207.0,-228.0,-217.0,-254.0,-282.0,-255.0,-237.0,-284.0,-292.0,-255.0,-273.0,-255.0,-255.0,-255.0,-255.0,-246.0
NO.907,1,-369.0,-383.0,-353.0,-399.0,-398.0,-368.0,-369.0,-340.0,-455.0,-413.0,-369.0,-338.0,-412.0,-368.0,-326.0,-412.0,-383.0,-354.0,-324.0,-339.0,-339.0,-339.0,-354.0,-369.0,-398.0,-369.0,-325.0,-496.0,-411.0,-354.0,-469.0,-382.0,-383.0,-368.0,-397.0,-397.0
NO.908,4,-387.0,-401.0,-354.0,-419.0,-397.0,-430.0,-401.0,-372.0,-453.0,-492.0,-433.0,-372.0,-482.0,-465.0,-425.0,-465.0,-460.0,-443.0,-329.0,-353.0,-344.0,-358.0,-362.0,-373.0,-405.0,-365.0,-379.0,-407.0,-412.0,-393.0,-415.0,-368.0,-379.0,-408.0,-386.0,-369.0
NO.909,1,-331.0,-359.0,-357.0,-359.0,-358.0,-388.0,-359.0,-340.0,-425.0,-339.0,-358.0,-387.0,-339.0,-377.0,-348.0,-339.0,-358.0,-377.0,-329.0,-312.0,-340.0,-321.0,-340.0,-378.0,-387.0,-358.0,-348.0,-426.0,-378.0,-367.0,-370.0,-349.0,-377.0,-368.0,-340.0,-359.0
NO.910,1,-339.0,-339.0,-339.0,-339.0,-338.0,-363.0,-316.0,-287.0,-359.0,-326.0,-324.0,-300.0,-347.0,-333.0,-294.0,-331.0,-332.0,-337.0,-335.0,-324.0,-348.0,-325.0,-346.0,-344.0,-339.0,-344.0,-327.0,-349.0,-342.0,-315.0,-338.0,-322.0,-321.0,-333.0,-330.0,-313.0
NO.911,1,-325.0,-339.0,-354.0,-311.0,-324.0,-369.0,-297.0,-283.0,-297.0,-353.0,-325.0,-283.0,-384.0,-369.0,-324.0,-399.0,-354.0,-339.0,-368.0,-326.0,-384.0,-313.0,-383.0,-438.0,-340.0,-381.0,-269.0,-354.0,-354.0,-339.0,-339.0,-339.0,-339.0,-339.0,-339.0,-339.0
NO.912,7,-257.0,-259.0,-260.0,-255.0,-255.0,-277.0,-244.0,-229.0,-279.0,-336.0,-301.0,-280.0,-379.0,-360.0,-306.0,-358.0,-351.0,-338.0,-235.0,-244.0,-257.0,-221.0,-270.0,-309.0,-272.0,-296.0,-263.0,-295.0,-306.0,-319.0,-325.0,-309.0,-321.0,-329.0,-329.0,-307.0
NO.913,1,-330.0,-330.0,-303.0,-348.0,-339.0,-340.0,-320.0,-292.0,-358.0,-349.0,-339.0,-274.0,-368.0,-350.0,-330.0,-359.0,-349.0,-339.0,-321.0,-321.0,-339.0,-321.0,-330.0,-330.0,-321.0,-321.0,-339.0,-339.0,-339.0,-330.0,-339.0,-339.0,-330.0,-339.0,-339.0,-339.0
NO.914,2,-84.0,-84.0,-91.0,-84.0,-84.0,-113.0,-84.0,-84.0,-99.0,-112.0,-120.0,-121.0,-119.0,-135.0,-135.0,-112.0,-127.0,-142.0,-77.0,-77.0,-70.0,-70.0,-77.0,-105.0,-91.0,-105.0,-56.0,-127.0,-113.0,-63.0,-104.0,-91.0,-70.0,-120.0,-90.0,-84.0
NO.915,5,-172.0,-181.0,-160.0,-167.0,-180.0,-187.0,-154.0,-139.0,-180.0,-247.0,-226.0,-189.0,-284.0,-269.0,-209.0,-261.0,-266.0,-255.0,-145.0,-147.0,-164.0,-149.0,-165.0,-157.0,-170.0,-178.0,-175.0,-255.0,-197.0,-168.0,-255.0,-226.0,-196.0,-255.0,-227.0,-205.0
NO.916,0,-255.0,-269.0,-255.0,-255.0,-255.0,-283.0,-255.0,-255.0,-283.0,-255.0,-255.0,-255.0,-255.0,-255.0,-255.0,-255.0,-255.0,-255.0,-227.0,-227.0,-241.0,-241.0,-241.0,-227.0,-255.0,-255.0,-255.0,-255.0,-255.0,-227.0,-255.0,-227.0,-199.0,-255.0,-199.0,-227.0
NO.917,0,-217.0,-245.0,-283.0,-246.0,-264.0,-311.0,-255.0,-246.0,-284.0,-264.0,-255.0,-237.0,-255.0,-255.0,-255.0,-255.0,-246.0,-255.0,-161.0,-143.0,-199.0,-152.0,-227.0,-274.0,-293.0,-302.0,-228.0,-245.0,-283.0,-293.0,-255.0,-236.0,-274.0,-255.0,-255.0,-236.0
NO.918,7,-283.0,-311.0,-299.0,-275.0,-303.0,-384.0,-287.0,-271.0,-344.0,-315.0,-291.0,-283.0,-347.0,-319.0,-255.0,-323.0,-319.0,-307.0,-219.0,-239.0,-255.0,-255.0,-255.0,-283.0,-303.0,-299.0,-311.0,-319.0,-307.0,-327.0,-299.0,-303.0,-315.0,-295.0,-291.0,-307.0
NO.919,1,-353.0,-311.0,-296.0,-339.0,-353.0,-340.0,-339.0,-339.0,-382.0,-339.0,-339.0,-339.0,-339.0,-339.0,-339.0,-339.0,-339.0,-339.0,-383.0,-368.0,-426.0,-339.0,-397.0,-368.0,-354.0,-339.0,-339.0,-369.0,-369.0,-310.0,-369.0,-369.0,-325.0,-354.0,-354.0,-355.0
NO.920,0,-234.0,-216.0,-231.0,-231.0,-242.0,-279.0,-246.0,-221.0,-277.0,-278.0,-255.0,-211.0,-271.0,-271.0,-253.0,-271.0,-263.0,-255.0,-229.0,-224.0,-243.0,-224.0,-251.0,-244.0,-258.0,-258.0,-225.0,-271.0,-252.0,-216.0,-261.0,-241.0,-225.0,-257.0,-244.0,-224.0
NO.921,2,-67.0,-56.0,-33.0,-79.0,-89.0,-61.0,-59.0,-51.0,-114.0,-117.0,-98.0,-60.0,-110.0,-108.0,-106.0,-102.0,-110.0,-110.0,-66.0,-66.0,-77.0,-50.0,-84.0,-128.0,-90.0,-117.0,-82.0,-110.0,-120.0,-128.0,-98.0,-122.0,-122.0,-106.0,-110.0,-120.0
NO.922,5,-84.0,-127.0,-141.0,-112.0,-156.0,-169.0,-126.0,-126.0,-184.0,-186.0,-171.0,-141.0,-171.0,-171.0,-171.0,-171.0,-171.0,-171.0,-141.0,-141.0,-156.0,-156.0,-156.0,-155.0,-171.0,-185.0,-184.0,-185.0,-170.0,-127.0,-185.0,-169.0,-156.0,-185.0,-170.0,-169.0
NO.923,2,-88.0,-77.0,-72.0,-88.0,-97.0,-96.0,-77.0,-77.0,-124.0,-101.0,-97.0,-85.0,-114.0,-107.0,-87.0,-109.0,-106.0,-99.0,-91.0,-89.0,-72.0,-78.0,-74.0,-106.0,-85.0,-108.0,-101.0,-134.0,-115.0,-95.0,-115.0,-125.0,-113.0,-108.0,-120.0,-120.0
NO.924,5,-118.0,-156.0,-127.0,-109.0,-147.0,-161.0,-99.0,-99.0,-170.0,-180.0,-147.0,-147.0,-184.0,-189.0,-152.0,-179.0,-175.0,-171.0,-132.0,-144.0,-122.0,-143.0,-137.0,-160.0,-171.0,-175.0,-179.0,-170.0,-175.0,-175.0,-171.0,-167.0,-183.0,-167.0,-175.0,-175.0
NO.925,2,-84.0,-84.0,-70.0,-84.0,-84.0,-113.0,-84.0,-84.0,-113.0,-84.0,-84.0,-98.0,-141.0,-112.0,-41.0,-170.0,-98.0,-84.0,-84.0,-126.0,-98.0,-98.0,-98.0,-84.0,-84.0,-84.0,-84.0,-198.0,-127.0,-84.0,-113.0,-142.0,-112.0,-99.0,-127.0,-98.0
NO.926,5,-175.0,-161.0,-143.0,-179.0,-176.0,-194.0,-179.0,-175.0,-212.0,-171.0,-175.0,-193.0,-171.0,-179.0,-180.0,-171.0,-166.0,-179.0,-156.0,-203.0,-175.0,-170.0,-170.0,-191.0,-132.0,-215.0,-156.0,-235.0,-204.0,-176.0,-203.0,-195.0,-194.0,-180.0,-194.0,-180.0
NO.927,0,-181.0,-176.0,-171.0,-171.0,-171.0,-205.0,-171.0,-171.0,-222.0,-244.0,-221.0,-216.0,-278.0,-273.0,-227.0,-267.0,-261.0,-255.0,-188.0,-182.0,-149.0,-176.0,-160.0,-243.0,-164.0,-260.0,-239.0,-244.0,-244.0,-249.0,-255.0,-249.0,-243.0,-255.0,-243.0,-249.0
NO.928,0,-237.0,-264.0,-236.0,-246.0,-265.0,-255.0,-228.0,-209.0,-265.0,-283.0,-255.0,-199.0,-311.0,-292.0,-255.0,-311.0,-283.0,-255.0,-236.0,-198.0,-236.0,-208.0,-227.0,-283.0,-237.0,-292.0,-284.0,-236.0,-274.0,-274.0,-255.0,-236.0,-274.0,-255.0,-255.0,-255.0
NO.929,0,-171.0,-171.0,-157.0,-171.0,-171.0,-199.0,-171.0,-171.0,-199.0,-213.0,-227.0,-199.0,-283.0,-255.0,-227.0,-255.0,-255.0,-255.0,-171.0,-213.0,-185.0,-185.0,-185.0,-185.0,-171.0,-185.0,-199.0,-241.0,-213.0,-185.0,-255.0,-227.0,-227.0,-255.0,-255.0,-199.0
NO.930,7,-275.0,-283.0,-303.0,-271.0,-287.0,-303.0,-271.0,-251.0,-327.0,-287.0,-303.0,-308.0,-319.0,-319.0,-266.0,-299.0,-307.0,-323.0,-335.0,-295.0,-335.0,-315.0,-335.0,-363.0,-335.0,-379.0,-311.0,-414.0,-352.0,-299.0,-352.0,-335.0,-295.0,-335.0,-307.0,-319.0
NO.931,7,-269.0,-283.0,-255.0,-255.0,-283.0,-284.0,-255.0,-241.0,-340.0,-311.0,-304.0,-297.0,-360.0,-318.0,-276.0,-325.0,-353.0,-325.0,-339.0,-297.0,-283.0,-297.0,-283.0,-388.0,-269.0,-388.0,-318.0,-339.0,-325.0,-304.0,-332.0,-318.0,-297.0,-325.0,-297.0,-311.0
NO.932,1,-312.0,-312.0,-320.0,-312.0,-330.0,-331.0,-312.0,-302.0,-339.0,-349.0,-330.0,-301.0,-339.0,-339.0,-339.0,-339.0,-339.0,-339.0,-339.0,-360.0,-331.0,-340.0,-331.0,-366.0,-311.0,-376.0,-321.0,-358.0,-358.0,-330.0,-339.0,-330.0,-321.0,-339.0,-321.0,-330.0
NO.933,7,-171.0,-227.0,-227.0,-227.0,-255.0,-283.0,-255.0,-255.0,-283.0,-255.0,-283.0,-325.0,-283.0,-339.0,-269.0,-311.0,-269.0,-311.0,-269.0,-339.0,-283.0,-297.0,-283.0,-283.0,-255.0,-283.0,-339.0,-325.0,-339.0,-325.0,-339.0,-339.0,-325.0,-339.0,-339.0,-339.0
NO.934,5,-155.0,-170.0,-156.0,-142.0,-155.0,-98.0,-84.0,-84.0,-142.0,-185.0,-156.0,-113.0,-171.0,-171.0,-171.0,-171.0,-171.0,-171.0,-156.0,-197.0,-228.0,-169.0,-199.0,-200.0,-126.0,-157.0,-84.0,-213.0,-213.0,-157.0,-199.0,-199.0,-171.0,-185.0,-185.0,-199.0
